"Step","DDPG_EQL_FetchReachDense-v4_19 - eval/avg_reward","DDPG_EQL_FetchReachDense-v4_19 - eval/avg_reward__MIN","DDPG_EQL_FetchReachDense-v4_19 - eval/avg_reward__MAX","DDPG_EQL_FetchReachDense-v4_18 - eval/avg_reward","DDPG_EQL_FetchReachDense-v4_18 - eval/avg_reward__MIN","DDPG_EQL_FetchReachDense-v4_18 - eval/avg_reward__MAX","DDPG_EQL_FetchReachDense-v4_17 - eval/avg_reward","DDPG_EQL_FetchReachDense-v4_17 - eval/avg_reward__MIN","DDPG_EQL_FetchReachDense-v4_17 - eval/avg_reward__MAX","DDPG_EQL_FetchReachDense-v4_16 - eval/avg_reward","DDPG_EQL_FetchReachDense-v4_16 - eval/avg_reward__MIN","DDPG_EQL_FetchReachDense-v4_16 - eval/avg_reward__MAX","DDPG_EQL_FetchReachDense-v4_15 - eval/avg_reward","DDPG_EQL_FetchReachDense-v4_15 - eval/avg_reward__MIN","DDPG_EQL_FetchReachDense-v4_15 - eval/avg_reward__MAX","DDPG_EQL_FetchReachDense-v4_14 - eval/avg_reward","DDPG_EQL_FetchReachDense-v4_14 - eval/avg_reward__MIN","DDPG_EQL_FetchReachDense-v4_14 - eval/avg_reward__MAX","DDPG_EQL_FetchReachDense-v4_13 - eval/avg_reward","DDPG_EQL_FetchReachDense-v4_13 - eval/avg_reward__MIN","DDPG_EQL_FetchReachDense-v4_13 - eval/avg_reward__MAX","DDPG_EQL_FetchReachDense-v4_12 - eval/avg_reward","DDPG_EQL_FetchReachDense-v4_12 - eval/avg_reward__MIN","DDPG_EQL_FetchReachDense-v4_12 - eval/avg_reward__MAX","DDPG_EQL_FetchReachDense-v4_11 - eval/avg_reward","DDPG_EQL_FetchReachDense-v4_11 - eval/avg_reward__MIN","DDPG_EQL_FetchReachDense-v4_11 - eval/avg_reward__MAX","DDPG_EQL_FetchReachDense-v4_10 - eval/avg_reward","DDPG_EQL_FetchReachDense-v4_10 - eval/avg_reward__MIN","DDPG_EQL_FetchReachDense-v4_10 - eval/avg_reward__MAX","DDPG_EQL_FetchReachDense-v4_9 - eval/avg_reward","DDPG_EQL_FetchReachDense-v4_9 - eval/avg_reward__MIN","DDPG_EQL_FetchReachDense-v4_9 - eval/avg_reward__MAX","DDPG_EQL_FetchReachDense-v4_8 - eval/avg_reward","DDPG_EQL_FetchReachDense-v4_8 - eval/avg_reward__MIN","DDPG_EQL_FetchReachDense-v4_8 - eval/avg_reward__MAX","DDPG_EQL_FetchReachDense-v4_7 - eval/avg_reward","DDPG_EQL_FetchReachDense-v4_7 - eval/avg_reward__MIN","DDPG_EQL_FetchReachDense-v4_7 - eval/avg_reward__MAX","DDPG_EQL_FetchReachDense-v4_6 - eval/avg_reward","DDPG_EQL_FetchReachDense-v4_6 - eval/avg_reward__MIN","DDPG_EQL_FetchReachDense-v4_6 - eval/avg_reward__MAX","DDPG_EQL_FetchReachDense-v4_5 - eval/avg_reward","DDPG_EQL_FetchReachDense-v4_5 - eval/avg_reward__MIN","DDPG_EQL_FetchReachDense-v4_5 - eval/avg_reward__MAX","DDPG_EQL_FetchReachDense-v4_4 - eval/avg_reward","DDPG_EQL_FetchReachDense-v4_4 - eval/avg_reward__MIN","DDPG_EQL_FetchReachDense-v4_4 - eval/avg_reward__MAX","DDPG_EQL_FetchReachDense-v4_3 - eval/avg_reward","DDPG_EQL_FetchReachDense-v4_3 - eval/avg_reward__MIN","DDPG_EQL_FetchReachDense-v4_3 - eval/avg_reward__MAX","DDPG_EQL_FetchReachDense-v4_2 - eval/avg_reward","DDPG_EQL_FetchReachDense-v4_2 - eval/avg_reward__MIN","DDPG_EQL_FetchReachDense-v4_2 - eval/avg_reward__MAX","DDPG_EQL_FetchReachDense-v4_1 - eval/avg_reward","DDPG_EQL_FetchReachDense-v4_1 - eval/avg_reward__MIN","DDPG_EQL_FetchReachDense-v4_1 - eval/avg_reward__MAX","DDPG_EQL_FetchReachDense-v4_0 - eval/avg_reward","DDPG_EQL_FetchReachDense-v4_0 - eval/avg_reward__MIN","DDPG_EQL_FetchReachDense-v4_0 - eval/avg_reward__MAX"
"0","-9.998621109771939","-9.998621109771939","-9.998621109771939","-10.161423808351515","-10.161423808351515","-10.161423808351515","-11.597058018911019","-11.597058018911019","-11.597058018911019","-10.071171992594072","-10.071171992594072","-10.071171992594072","-8.173691017796525","-8.173691017796525","-8.173691017796525","-6.93500112096396","-6.93500112096396","-6.93500112096396","-10.07541822367935","-10.07541822367935","-10.07541822367935","-7.22933914428949","-7.22933914428949","-7.22933914428949","-13.557300651531074","-13.557300651531074","-13.557300651531074","-14.909256102851089","-14.909256102851089","-14.909256102851089","-7.671810886359692","-7.671810886359692","-7.671810886359692","-9.139160234667552","-9.139160234667552","-9.139160234667552","-9.137211679887539","-9.137211679887539","-9.137211679887539","-12.403093904713952","-12.403093904713952","-12.403093904713952","-8.001051337587187","-8.001051337587187","-8.001051337587187","-8.631314585276273","-8.631314585276273","-8.631314585276273","-10.465739808313748","-10.465739808313748","-10.465739808313748","-9.796524533825387","-9.796524533825387","-9.796524533825387","-11.51415108380978","-11.51415108380978","-11.51415108380978","-9.652403841391166","-9.652403841391166","-9.652403841391166"
"500","-9.998621109771939","-9.998621109771939","-9.998621109771939","-10.161423808351515","-10.161423808351515","-10.161423808351515","-11.597058018911019","-11.597058018911019","-11.597058018911019","-10.071171992594072","-10.071171992594072","-10.071171992594072","-8.173691017796525","-8.173691017796525","-8.173691017796525","-6.93500112096396","-6.93500112096396","-6.93500112096396","-10.07541822367935","-10.07541822367935","-10.07541822367935","-7.22933914428949","-7.22933914428949","-7.22933914428949","-13.557300651531074","-13.557300651531074","-13.557300651531074","-14.909256102851089","-14.909256102851089","-14.909256102851089","-7.671810886359692","-7.671810886359692","-7.671810886359692","-9.139160234667552","-9.139160234667552","-9.139160234667552","-9.137211679887539","-9.137211679887539","-9.137211679887539","-12.403093904713952","-12.403093904713952","-12.403093904713952","-8.001051337587187","-8.001051337587187","-8.001051337587187","-8.631314585276273","-8.631314585276273","-8.631314585276273","-10.465739808313748","-10.465739808313748","-10.465739808313748","-9.796524533825387","-9.796524533825387","-9.796524533825387","-11.51415108380978","-11.51415108380978","-11.51415108380978","-9.652403841391166","-9.652403841391166","-9.652403841391166"
"1000","-9.998621109771939","-9.998621109771939","-9.998621109771939","-10.161423808351515","-10.161423808351515","-10.161423808351515","-13.289918158716096","-13.289918158716096","-13.289918158716096","-9.86809681935419","-9.86809681935419","-9.86809681935419","-8.173691017796525","-8.173691017796525","-8.173691017796525","-6.93500112096396","-6.93500112096396","-6.93500112096396","-12.119350314299728","-12.119350314299728","-12.119350314299728","-7.22933914428949","-7.22933914428949","-7.22933914428949","-13.557300651531074","-13.557300651531074","-13.557300651531074","-14.909256102851089","-14.909256102851089","-14.909256102851089","-7.671810886359692","-7.671810886359692","-7.671810886359692","-9.139160234667552","-9.139160234667552","-9.139160234667552","-9.137211679887539","-9.137211679887539","-9.137211679887539","-12.403093904713952","-12.403093904713952","-12.403093904713952","-8.001051337587187","-8.001051337587187","-8.001051337587187","-8.631314585276273","-8.631314585276273","-8.631314585276273","-10.465739808313748","-10.465739808313748","-10.465739808313748","-9.796524533825387","-9.796524533825387","-9.796524533825387","-10.296336818454884","-10.296336818454884","-10.296336818454884","-9.652403841391166","-9.652403841391166","-9.652403841391166"
"1500","-33.51852272130153","-33.51852272130153","-33.51852272130153","-9.933624527881928","-9.933624527881928","-9.933624527881928","-15.883478501438324","-15.883478501438324","-15.883478501438324","-29.508780228707725","-29.508780228707725","-29.508780228707725","-10.584716701740444","-10.584716701740444","-10.584716701740444","-12.36369541153476","-12.36369541153476","-12.36369541153476","-23.19960141554531","-23.19960141554531","-23.19960141554531","-11.984142971448888","-11.984142971448888","-11.984142971448888","-15.479329640500373","-15.479329640500373","-15.479329640500373","-21.86131846108936","-21.86131846108936","-21.86131846108936","-8.879590125922558","-8.879590125922558","-8.879590125922558","-12.246245218964315","-12.246245218964315","-12.246245218964315","-9.579304154794377","-9.579304154794377","-9.579304154794377","-23.437356012585628","-23.437356012585628","-23.437356012585628","-17.130587088563175","-17.130587088563175","-17.130587088563175","-27.0778297251116","-27.0778297251116","-27.0778297251116","-9.166194526783874","-9.166194526783874","-9.166194526783874","-11.97143827577764","-11.97143827577764","-11.97143827577764","-10.887563386546036","-10.887563386546036","-10.887563386546036","-32.120524696513414","-32.120524696513414","-32.120524696513414"
"2000","-9.526104705459447","-9.526104705459447","-9.526104705459447","-27.880194650478337","-27.880194650478337","-27.880194650478337","-17.97580641247445","-17.97580641247445","-17.97580641247445","-14.380514424824108","-14.380514424824108","-14.380514424824108","-12.207866901538356","-12.207866901538356","-12.207866901538356","-13.275044873837405","-13.275044873837405","-13.275044873837405","-9.51431176057087","-9.51431176057087","-9.51431176057087","-9.92255257228461","-9.92255257228461","-9.92255257228461","-9.18987664431522","-9.18987664431522","-9.18987664431522","-30.33434935275634","-30.33434935275634","-30.33434935275634","-41.17152149191857","-41.17152149191857","-41.17152149191857","-8.573122625517192","-8.573122625517192","-8.573122625517192","-11.725734430484314","-11.725734430484314","-11.725734430484314","-9.555514742947887","-9.555514742947887","-9.555514742947887","-15.998453743819919","-15.998453743819919","-15.998453743819919","-12.553950873019751","-12.553950873019751","-12.553950873019751","-9.102932205547331","-9.102932205547331","-9.102932205547331","-11.961862661670413","-11.961862661670413","-11.961862661670413","-13.128003076707952","-13.128003076707952","-13.128003076707952","-11.624791213430564","-11.624791213430564","-11.624791213430564"
"2500","-6.039141170826122","-6.039141170826122","-6.039141170826122","-8.923685040404859","-8.923685040404859","-8.923685040404859","-15.733094964191645","-15.733094964191645","-15.733094964191645","-11.991163262217217","-11.991163262217217","-11.991163262217217","-5.941583641284856","-5.941583641284856","-5.941583641284856","-7.52854600056285","-7.52854600056285","-7.52854600056285","-7.305628221557811","-7.305628221557811","-7.305628221557811","-8.211892650858225","-8.211892650858225","-8.211892650858225","-11.123175787932599","-11.123175787932599","-11.123175787932599","-12.885532212741339","-12.885532212741339","-12.885532212741339","-17.316773606433816","-17.316773606433816","-17.316773606433816","-12.556852693958394","-12.556852693958394","-12.556852693958394","-6.39648518537385","-6.39648518537385","-6.39648518537385","-15.226889969999501","-15.226889969999501","-15.226889969999501","-12.96136445710116","-12.96136445710116","-12.96136445710116","-15.79986327006005","-15.79986327006005","-15.79986327006005","-7.777174193392256","-7.777174193392256","-7.777174193392256","-15.70840566424582","-15.70840566424582","-15.70840566424582","-8.398920401082124","-8.398920401082124","-8.398920401082124","-13.690357983916886","-13.690357983916886","-13.690357983916886"
"3000","-9.151927172837153","-9.151927172837153","-9.151927172837153","-7.435198795203249","-7.435198795203249","-7.435198795203249","-6.589485776228909","-6.589485776228909","-6.589485776228909","-10.084888642706897","-10.084888642706897","-10.084888642706897","-14.010822413560067","-14.010822413560067","-14.010822413560067","-6.458993725644673","-6.458993725644673","-6.458993725644673","-7.575116936934113","-7.575116936934113","-7.575116936934113","-8.276436054023076","-8.276436054023076","-8.276436054023076","-18.12861773493501","-18.12861773493501","-18.12861773493501","-17.781713150570425","-17.781713150570425","-17.781713150570425","-11.65322624207517","-11.65322624207517","-11.65322624207517","-12.311066390758004","-12.311066390758004","-12.311066390758004","-7.333876304563153","-7.333876304563153","-7.333876304563153","-11.138953883409542","-11.138953883409542","-11.138953883409542","-7.505424757296582","-7.505424757296582","-7.505424757296582","-7.141532595079101","-7.141532595079101","-7.141532595079101","-11.915603484801549","-11.915603484801549","-11.915603484801549","-18.200433770046924","-18.200433770046924","-18.200433770046924","-10.491350753812219","-10.491350753812219","-10.491350753812219","-17.40451606433079","-17.40451606433079","-17.40451606433079"
"3500","-9.773587254977183","-9.773587254977183","-9.773587254977183","-8.919678494182559","-8.919678494182559","-8.919678494182559","-8.756078740028027","-8.756078740028027","-8.756078740028027","-9.05034269437316","-9.05034269437316","-9.05034269437316","-8.558229314211374","-8.558229314211374","-8.558229314211374","-4.461525631487609","-4.461525631487609","-4.461525631487609","-8.814766990068804","-8.814766990068804","-8.814766990068804","-12.349675976420347","-12.349675976420347","-12.349675976420347","-9.638078691873977","-9.638078691873977","-9.638078691873977","-9.997187546702952","-9.997187546702952","-9.997187546702952","-8.438319020141972","-8.438319020141972","-8.438319020141972","-13.745245401008598","-13.745245401008598","-13.745245401008598","-4.970154436536748","-4.970154436536748","-4.970154436536748","-7.71863851206718","-7.71863851206718","-7.71863851206718","-6.8308799698107165","-6.8308799698107165","-6.8308799698107165","-18.65540144246761","-18.65540144246761","-18.65540144246761","-5.6488024409123785","-5.6488024409123785","-5.6488024409123785","-13.942260990167082","-13.942260990167082","-13.942260990167082","-7.787198867299229","-7.787198867299229","-7.787198867299229","-7.114398717624202","-7.114398717624202","-7.114398717624202"
"4000","-9.293187406614177","-9.293187406614177","-9.293187406614177","-7.58393125701866","-7.58393125701866","-7.58393125701866","-7.998359977597234","-7.998359977597234","-7.998359977597234","-12.881443975241108","-12.881443975241108","-12.881443975241108","-10.21730970690499","-10.21730970690499","-10.21730970690499","-6.200604973449946","-6.200604973449946","-6.200604973449946","-8.136255481364993","-8.136255481364993","-8.136255481364993","-8.969907274237002","-8.969907274237002","-8.969907274237002","-5.043335519779865","-5.043335519779865","-5.043335519779865","-5.562090573364807","-5.562090573364807","-5.562090573364807","-7.046162236458488","-7.046162236458488","-7.046162236458488","-7.716798311653579","-7.716798311653579","-7.716798311653579","-7.0694329810223495","-7.0694329810223495","-7.0694329810223495","-7.032542533046033","-7.032542533046033","-7.032542533046033","-7.994459155955999","-7.994459155955999","-7.994459155955999","-7.275684196718558","-7.275684196718558","-7.275684196718558","-6.442332886812347","-6.442332886812347","-6.442332886812347","-14.469199143108455","-14.469199143108455","-14.469199143108455","-6.642035078152567","-6.642035078152567","-6.642035078152567","-4.824748437811962","-4.824748437811962","-4.824748437811962"
"4500","-9.407266181673805","-9.407266181673805","-9.407266181673805","-7.1598557834895615","-7.1598557834895615","-7.1598557834895615","-10.420215129432965","-10.420215129432965","-10.420215129432965","-11.27540454069138","-11.27540454069138","-11.27540454069138","-9.014764146095223","-9.014764146095223","-9.014764146095223","-4.3747072550456565","-4.3747072550456565","-4.3747072550456565","-5.487418346389863","-5.487418346389863","-5.487418346389863","-13.847053790553502","-13.847053790553502","-13.847053790553502","-4.302628842623845","-4.302628842623845","-4.302628842623845","-8.723609708299827","-8.723609708299827","-8.723609708299827","-8.43813933211425","-8.43813933211425","-8.43813933211425","-5.760153718417906","-5.760153718417906","-5.760153718417906","-4.957095632352733","-4.957095632352733","-4.957095632352733","-14.604999924214122","-14.604999924214122","-14.604999924214122","-7.869855412193646","-7.869855412193646","-7.869855412193646","-7.096538735654102","-7.096538735654102","-7.096538735654102","-4.259549397161608","-4.259549397161608","-4.259549397161608","-31.88411038173239","-31.88411038173239","-31.88411038173239","-7.281517452550614","-7.281517452550614","-7.281517452550614","-5.198534056740059","-5.198534056740059","-5.198534056740059"
"5000","-5.636373610331559","-5.636373610331559","-5.636373610331559","-5.000451438454808","-5.000451438454808","-5.000451438454808","-6.768065245649593","-6.768065245649593","-6.768065245649593","-7.873605629290964","-7.873605629290964","-7.873605629290964","-5.693848584168309","-5.693848584168309","-5.693848584168309","-4.434445121976672","-4.434445121976672","-4.434445121976672","-7.520750474756383","-7.520750474756383","-7.520750474756383","-8.23394390742198","-8.23394390742198","-8.23394390742198","-4.3871808672090635","-4.3871808672090635","-4.3871808672090635","-5.240878020315139","-5.240878020315139","-5.240878020315139","-10.396848219827273","-10.396848219827273","-10.396848219827273","-7.747916858853161","-7.747916858853161","-7.747916858853161","-7.44812684998673","-7.44812684998673","-7.44812684998673","-5.912641068721443","-5.912641068721443","-5.912641068721443","-5.417976366032768","-5.417976366032768","-5.417976366032768","-9.492950878028552","-9.492950878028552","-9.492950878028552","-3.6204238695701307","-3.6204238695701307","-3.6204238695701307","-12.630014634146454","-12.630014634146454","-12.630014634146454","-7.634809500306507","-7.634809500306507","-7.634809500306507","-4.697080769351731","-4.697080769351731","-4.697080769351731"
"5500","-5.415535985439493","-5.415535985439493","-5.415535985439493","-4.666902471407633","-4.666902471407633","-4.666902471407633","-9.436174041900381","-9.436174041900381","-9.436174041900381","-5.699571382801054","-5.699571382801054","-5.699571382801054","-5.333255158785123","-5.333255158785123","-5.333255158785123","-3.296271038449195","-3.296271038449195","-3.296271038449195","-4.612636108090067","-4.612636108090067","-4.612636108090067","-9.32731713462223","-9.32731713462223","-9.32731713462223","-4.069920349693666","-4.069920349693666","-4.069920349693666","-4.084164660078929","-4.084164660078929","-4.084164660078929","-8.765164507680986","-8.765164507680986","-8.765164507680986","-5.105063678742785","-5.105063678742785","-5.105063678742785","-6.868144626812397","-6.868144626812397","-6.868144626812397","-6.49633168278082","-6.49633168278082","-6.49633168278082","-5.305419925397968","-5.305419925397968","-5.305419925397968","-7.084386664737771","-7.084386664737771","-7.084386664737771","-3.7180620608192556","-3.7180620608192556","-3.7180620608192556","-10.174164558646492","-10.174164558646492","-10.174164558646492","-5.398433895220646","-5.398433895220646","-5.398433895220646","-3.6775149467194894","-3.6775149467194894","-3.6775149467194894"
"6000","-4.344405068052008","-4.344405068052008","-4.344405068052008","-5.354571537963976","-5.354571537963976","-5.354571537963976","-6.4871715560373815","-6.4871715560373815","-6.4871715560373815","-5.461851326492742","-5.461851326492742","-5.461851326492742","-4.690262426668764","-4.690262426668764","-4.690262426668764","-3.211088154655015","-3.211088154655015","-3.211088154655015","-4.4443281085074435","-4.4443281085074435","-4.4443281085074435","-6.626737147301839","-6.626737147301839","-6.626737147301839","-3.2352393513064768","-3.2352393513064768","-3.2352393513064768","-4.128628558018173","-4.128628558018173","-4.128628558018173","-6.692620835820404","-6.692620835820404","-6.692620835820404","-5.889443920676127","-5.889443920676127","-5.889443920676127","-4.536883826624288","-4.536883826624288","-4.536883826624288","-4.29430414717439","-4.29430414717439","-4.29430414717439","-6.814238595262853","-6.814238595262853","-6.814238595262853","-5.971782194614314","-5.971782194614314","-5.971782194614314","-6.476610870995384","-6.476610870995384","-6.476610870995384","-10.020782506615006","-10.020782506615006","-10.020782506615006","-5.1919873128758764","-5.1919873128758764","-5.1919873128758764","-2.8024526072878087","-2.8024526072878087","-2.8024526072878087"
"6500","-4.838676531881729","-4.838676531881729","-4.838676531881729","-4.278196359999717","-4.278196359999717","-4.278196359999717","-8.355494192541956","-8.355494192541956","-8.355494192541956","-5.581198233917191","-5.581198233917191","-5.581198233917191","-3.865684750310995","-3.865684750310995","-3.865684750310995","-4.916148024262786","-4.916148024262786","-4.916148024262786","-3.6363545649606506","-3.6363545649606506","-3.6363545649606506","-5.779235813368727","-5.779235813368727","-5.779235813368727","-2.981339905754204","-2.981339905754204","-2.981339905754204","-5.967444485188165","-5.967444485188165","-5.967444485188165","-3.967069889268373","-3.967069889268373","-3.967069889268373","-6.998066842316673","-6.998066842316673","-6.998066842316673","-4.523140043915159","-4.523140043915159","-4.523140043915159","-5.162082416767634","-5.162082416767634","-5.162082416767634","-7.144373091214905","-7.144373091214905","-7.144373091214905","-5.189309263544139","-5.189309263544139","-5.189309263544139","-5.228581620078835","-5.228581620078835","-5.228581620078835","-7.396914116790351","-7.396914116790351","-7.396914116790351","-4.884106571337033","-4.884106571337033","-4.884106571337033","-3.467399586444688","-3.467399586444688","-3.467399586444688"
"7000","-6.967121959825889","-6.967121959825889","-6.967121959825889","-3.9158358602638286","-3.9158358602638286","-3.9158358602638286","-5.051151644111789","-5.051151644111789","-5.051151644111789","-5.010168769049234","-5.010168769049234","-5.010168769049234","-3.4029103772634763","-3.4029103772634763","-3.4029103772634763","-2.587646873647634","-2.587646873647634","-2.587646873647634","-5.442428722764644","-5.442428722764644","-5.442428722764644","-5.212186137758649","-5.212186137758649","-5.212186137758649","-2.718829333163039","-2.718829333163039","-2.718829333163039","-4.2868387236846335","-4.2868387236846335","-4.2868387236846335","-5.051066104777059","-5.051066104777059","-5.051066104777059","-9.365686615833253","-9.365686615833253","-9.365686615833253","-4.041896720227142","-4.041896720227142","-4.041896720227142","-5.399477716874353","-5.399477716874353","-5.399477716874353","-3.990810711546723","-3.990810711546723","-3.990810711546723","-4.827724019535135","-4.827724019535135","-4.827724019535135","-5.548077958122054","-5.548077958122054","-5.548077958122054","-5.648780710908958","-5.648780710908958","-5.648780710908958","-5.277942622451478","-5.277942622451478","-5.277942622451478","-5.778105914131491","-5.778105914131491","-5.778105914131491"
"7500","-3.901027560396326","-3.901027560396326","-3.901027560396326","-4.8033528307871025","-4.8033528307871025","-4.8033528307871025","-3.407694642840873","-3.407694642840873","-3.407694642840873","-4.465710716588904","-4.465710716588904","-4.465710716588904","-3.2270491321734944","-3.2270491321734944","-3.2270491321734944","-3.0748740360400233","-3.0748740360400233","-3.0748740360400233","-4.7536847999199745","-4.7536847999199745","-4.7536847999199745","-6.136561577913753","-6.136561577913753","-6.136561577913753","-2.6631476722688285","-2.6631476722688285","-2.6631476722688285","-4.891960130346993","-4.891960130346993","-4.891960130346993","-5.3991681230109645","-5.3991681230109645","-5.3991681230109645","-15.145803221578678","-15.145803221578678","-15.145803221578678","-3.9524209632332026","-3.9524209632332026","-3.9524209632332026","-3.7767794159283694","-3.7767794159283694","-3.7767794159283694","-4.744722052000149","-4.744722052000149","-4.744722052000149","-4.220470596792045","-4.220470596792045","-4.220470596792045","-3.0180999935701656","-3.0180999935701656","-3.0180999935701656","-5.08268422444949","-5.08268422444949","-5.08268422444949","-3.4221876566714924","-3.4221876566714924","-3.4221876566714924","-4.096546822787721","-4.096546822787721","-4.096546822787721"
"8000","-5.46380279533207","-5.46380279533207","-5.46380279533207","-6.342513451463142","-6.342513451463142","-6.342513451463142","-6.623467630008591","-6.623467630008591","-6.623467630008591","-4.97304507799866","-4.97304507799866","-4.97304507799866","-3.217121922622675","-3.217121922622675","-3.217121922622675","-2.976923040306416","-2.976923040306416","-2.976923040306416","-3.826810222814622","-3.826810222814622","-3.826810222814622","-7.978731535001492","-7.978731535001492","-7.978731535001492","-3.5584966622509073","-3.5584966622509073","-3.5584966622509073","-2.71842544654759","-2.71842544654759","-2.71842544654759","-4.9014811154494025","-4.9014811154494025","-4.9014811154494025","-10.190464655965783","-10.190464655965783","-10.190464655965783","-3.303835516704434","-3.303835516704434","-3.303835516704434","-4.448870353693798","-4.448870353693798","-4.448870353693798","-4.2633444827231255","-4.2633444827231255","-4.2633444827231255","-4.37569840834623","-4.37569840834623","-4.37569840834623","-3.1077094260528084","-3.1077094260528084","-3.1077094260528084","-5.924334187264904","-5.924334187264904","-5.924334187264904","-4.221041000258771","-4.221041000258771","-4.221041000258771","-4.099879114374603","-4.099879114374603","-4.099879114374603"
"8500","-4.7221867920361","-4.7221867920361","-4.7221867920361","-4.332492703177916","-4.332492703177916","-4.332492703177916","-4.575747107419233","-4.575747107419233","-4.575747107419233","-3.8708891607047207","-3.8708891607047207","-3.8708891607047207","-3.534402940098702","-3.534402940098702","-3.534402940098702","-2.6445602123107506","-2.6445602123107506","-2.6445602123107506","-4.0103913701976115","-4.0103913701976115","-4.0103913701976115","-4.100285623379463","-4.100285623379463","-4.100285623379463","-3.5391782084128613","-3.5391782084128613","-3.5391782084128613","-4.110483106540359","-4.110483106540359","-4.110483106540359","-5.746832457241834","-5.746832457241834","-5.746832457241834","-5.213424280428056","-5.213424280428056","-5.213424280428056","-4.798687640586093","-4.798687640586093","-4.798687640586093","-4.051171299697269","-4.051171299697269","-4.051171299697269","-3.414103967920107","-3.414103967920107","-3.414103967920107","-5.4895678675623945","-5.4895678675623945","-5.4895678675623945","-2.9070843477331376","-2.9070843477331376","-2.9070843477331376","-6.964912144555131","-6.964912144555131","-6.964912144555131","-3.155808816966165","-3.155808816966165","-3.155808816966165","-2.7059484535487157","-2.7059484535487157","-2.7059484535487157"
"9000","-2.7250925900980105","-2.7250925900980105","-2.7250925900980105","-2.71045387832838","-2.71045387832838","-2.71045387832838","-5.47521951085507","-5.47521951085507","-5.47521951085507","-5.746799243310365","-5.746799243310365","-5.746799243310365","-3.918193168266395","-3.918193168266395","-3.918193168266395","-2.626353556625481","-2.626353556625481","-2.626353556625481","-3.831032365928305","-3.831032365928305","-3.831032365928305","-5.4420638432375155","-5.4420638432375155","-5.4420638432375155","-2.603043854820187","-2.603043854820187","-2.603043854820187","-2.7235578414238324","-2.7235578414238324","-2.7235578414238324","-4.296473665187181","-4.296473665187181","-4.296473665187181","-4.2425457020375275","-4.2425457020375275","-4.2425457020375275","-3.0673829333624685","-3.0673829333624685","-3.0673829333624685","-3.201964035686879","-3.201964035686879","-3.201964035686879","-2.840857946113888","-2.840857946113888","-2.840857946113888","-3.5321104677811115","-3.5321104677811115","-3.5321104677811115","-4.016547820553717","-4.016547820553717","-4.016547820553717","-7.645722915767308","-7.645722915767308","-7.645722915767308","-3.7067175877513407","-3.7067175877513407","-3.7067175877513407","-3.2739877844850893","-3.2739877844850893","-3.2739877844850893"
"9500","-3.117728518494668","-3.117728518494668","-3.117728518494668","-2.9182959891633677","-2.9182959891633677","-2.9182959891633677","-6.600248276510686","-6.600248276510686","-6.600248276510686","-4.6201734549818925","-4.6201734549818925","-4.6201734549818925","-4.806282163505356","-4.806282163505356","-4.806282163505356","-2.591818310127073","-2.591818310127073","-2.591818310127073","-2.516888205441755","-2.516888205441755","-2.516888205441755","-3.7575590988464413","-3.7575590988464413","-3.7575590988464413","-2.7040291456822345","-2.7040291456822345","-2.7040291456822345","-2.7643284793540537","-2.7643284793540537","-2.7643284793540537","-3.5842590043510514","-3.5842590043510514","-3.5842590043510514","-4.460915372151692","-4.460915372151692","-4.460915372151692","-3.34883511364236","-3.34883511364236","-3.34883511364236","-3.2173540461484578","-3.2173540461484578","-3.2173540461484578","-5.0725124562227695","-5.0725124562227695","-5.0725124562227695","-3.7275538882393078","-3.7275538882393078","-3.7275538882393078","-3.3690269320419928","-3.3690269320419928","-3.3690269320419928","-3.885673821258247","-3.885673821258247","-3.885673821258247","-5.411749306226353","-5.411749306226353","-5.411749306226353","-3.4132104392003164","-3.4132104392003164","-3.4132104392003164"
"10000","-5.534038793476182","-5.534038793476182","-5.534038793476182","-3.349071918877185","-3.349071918877185","-3.349071918877185","-4.859938092385231","-4.859938092385231","-4.859938092385231","-4.239541711926409","-4.239541711926409","-4.239541711926409","-3.2602263141672836","-3.2602263141672836","-3.2602263141672836","-3.850985625559209","-3.850985625559209","-3.850985625559209","-2.694107627254808","-2.694107627254808","-2.694107627254808","-4.7551976698129135","-4.7551976698129135","-4.7551976698129135","-2.420996274246987","-2.420996274246987","-2.420996274246987","-2.0873401420469775","-2.0873401420469775","-2.0873401420469775","-4.1754123213614","-4.1754123213614","-4.1754123213614","-3.772494184911679","-3.772494184911679","-3.772494184911679","-3.6972153680353053","-3.6972153680353053","-3.6972153680353053","-3.157990576143562","-3.157990576143562","-3.157990576143562","-2.8580091068532703","-2.8580091068532703","-2.8580091068532703","-3.5740017334656606","-3.5740017334656606","-3.5740017334656606","-3.4028024180585845","-3.4028024180585845","-3.4028024180585845","-3.2998957685518446","-3.2998957685518446","-3.2998957685518446","-3.5467941501544367","-3.5467941501544367","-3.5467941501544367","-2.3273360463648083","-2.3273360463648083","-2.3273360463648083"
"10500","-3.984154552072431","-3.984154552072431","-3.984154552072431","-3.110625201037853","-3.110625201037853","-3.110625201037853","-2.879679367719784","-2.879679367719784","-2.879679367719784","-3.0770311919339446","-3.0770311919339446","-3.0770311919339446","-3.5011407035195057","-3.5011407035195057","-3.5011407035195057","-3.0758372265199987","-3.0758372265199987","-3.0758372265199987","-2.1246434822218214","-2.1246434822218214","-2.1246434822218214","-3.1778743368994258","-3.1778743368994258","-3.1778743368994258","-2.7691112143091656","-2.7691112143091656","-2.7691112143091656","-2.107333463081148","-2.107333463081148","-2.107333463081148","-3.7940391979441985","-3.7940391979441985","-3.7940391979441985","-3.122275937712831","-3.122275937712831","-3.122275937712831","-3.0896184929299646","-3.0896184929299646","-3.0896184929299646","-3.1505946812760666","-3.1505946812760666","-3.1505946812760666","-3.3927116709561553","-3.3927116709561553","-3.3927116709561553","-3.5070701250519685","-3.5070701250519685","-3.5070701250519685","-3.0278652190457747","-3.0278652190457747","-3.0278652190457747","-3.7399458481939503","-3.7399458481939503","-3.7399458481939503","-3.9541311514201154","-3.9541311514201154","-3.9541311514201154","-2.0618623422497193","-2.0618623422497193","-2.0618623422497193"
"11000","-4.119205757037543","-4.119205757037543","-4.119205757037543","-1.9830501778056173","-1.9830501778056173","-1.9830501778056173","-2.6643902339204346","-2.6643902339204346","-2.6643902339204346","-2.7538940859099337","-2.7538940859099337","-2.7538940859099337","-2.7242762716734443","-2.7242762716734443","-2.7242762716734443","-2.587864730431433","-2.587864730431433","-2.587864730431433","-2.308223241077708","-2.308223241077708","-2.308223241077708","-4.002066472301722","-4.002066472301722","-4.002066472301722","-4.168175899755186","-4.168175899755186","-4.168175899755186","-3.8495369585426373","-3.8495369585426373","-3.8495369585426373","-3.6781835829309637","-3.6781835829309637","-3.6781835829309637","-3.0990334933025965","-3.0990334933025965","-3.0990334933025965","-2.7143452639128136","-2.7143452639128136","-2.7143452639128136","-2.5602259345083764","-2.5602259345083764","-2.5602259345083764","-4.3937616616008","-4.3937616616008","-4.3937616616008","-4.080352909671602","-4.080352909671602","-4.080352909671602","-3.3386562503958244","-3.3386562503958244","-3.3386562503958244","-3.9946004720449992","-3.9946004720449992","-3.9946004720449992","-2.897105130515737","-2.897105130515737","-2.897105130515737","-6.462717377093095","-6.462717377093095","-6.462717377093095"
"11500","-3.107647764527443","-3.107647764527443","-3.107647764527443","-2.0443388214685903","-2.0443388214685903","-2.0443388214685903","-2.4006551411335257","-2.4006551411335257","-2.4006551411335257","-2.278495391776753","-2.278495391776753","-2.278495391776753","-2.3789404357914825","-2.3789404357914825","-2.3789404357914825","-3.8463939172936166","-3.8463939172936166","-3.8463939172936166","-2.010786558075016","-2.010786558075016","-2.010786558075016","-3.252200640076171","-3.252200640076171","-3.252200640076171","-3.0424731587230496","-3.0424731587230496","-3.0424731587230496","-2.5604531519361613","-2.5604531519361613","-2.5604531519361613","-2.9912483482639685","-2.9912483482639685","-2.9912483482639685","-2.6742181026194296","-2.6742181026194296","-2.6742181026194296","-2.940434422013084","-2.940434422013084","-2.940434422013084","-3.7098256123235154","-3.7098256123235154","-3.7098256123235154","-2.150085929965212","-2.150085929965212","-2.150085929965212","-2.5173416917084555","-2.5173416917084555","-2.5173416917084555","-2.409222202563319","-2.409222202563319","-2.409222202563319","-2.9889144271118946","-2.9889144271118946","-2.9889144271118946","-5.6423730782640416","-5.6423730782640416","-5.6423730782640416","-2.629125989746013","-2.629125989746013","-2.629125989746013"
"12000","-3.352339225358256","-3.352339225358256","-3.352339225358256","-2.517819272309668","-2.517819272309668","-2.517819272309668","-4.8554607485621","-4.8554607485621","-4.8554607485621","-3.889448493007289","-3.889448493007289","-3.889448493007289","-3.0527686119993414","-3.0527686119993414","-3.0527686119993414","-2.230213315528718","-2.230213315528718","-2.230213315528718","-3.556719553193683","-3.556719553193683","-3.556719553193683","-3.822057665191373","-3.822057665191373","-3.822057665191373","-3.6332203749085297","-3.6332203749085297","-3.6332203749085297","-1.5350644518493144","-1.5350644518493144","-1.5350644518493144","-4.4171749173205","-4.4171749173205","-4.4171749173205","-2.992925643234364","-2.992925643234364","-2.992925643234364","-5.58223465511115","-5.58223465511115","-5.58223465511115","-2.589708433381367","-2.589708433381367","-2.589708433381367","-2.335095556994964","-2.335095556994964","-2.335095556994964","-2.7770739664707302","-2.7770739664707302","-2.7770739664707302","-2.860371275046711","-2.860371275046711","-2.860371275046711","-5.416073411405792","-5.416073411405792","-5.416073411405792","-2.585665693825013","-2.585665693825013","-2.585665693825013","-2.772963528226754","-2.772963528226754","-2.772963528226754"
"12500","-2.497119746523752","-2.497119746523752","-2.497119746523752","-2.560058123133973","-2.560058123133973","-2.560058123133973","-2.2734280271008585","-2.2734280271008585","-2.2734280271008585","-2.501677022279628","-2.501677022279628","-2.501677022279628","-3.0904180187948675","-3.0904180187948675","-3.0904180187948675","-2.612638567011209","-2.612638567011209","-2.612638567011209","-2.369831851457467","-2.369831851457467","-2.369831851457467","-3.2487049402626695","-3.2487049402626695","-3.2487049402626695","-2.5499557573188154","-2.5499557573188154","-2.5499557573188154","-1.8221212603768577","-1.8221212603768577","-1.8221212603768577","-2.553088073205761","-2.553088073205761","-2.553088073205761","-2.77598249127891","-2.77598249127891","-2.77598249127891","-2.165311010493331","-2.165311010493331","-2.165311010493331","-2.2379380765073327","-2.2379380765073327","-2.2379380765073327","-1.8036717914000406","-1.8036717914000406","-1.8036717914000406","-5.462089051093363","-5.462089051093363","-5.462089051093363","-2.534582801504142","-2.534582801504142","-2.534582801504142","-2.9340212594044646","-2.9340212594044646","-2.9340212594044646","-4.79837439192471","-4.79837439192471","-4.79837439192471","-2.634807487997134","-2.634807487997134","-2.634807487997134"
"13000","-3.673541849308365","-3.673541849308365","-3.673541849308365","-3.4438690922128607","-3.4438690922128607","-3.4438690922128607","-2.837598469403305","-2.837598469403305","-2.837598469403305","-3.8246162446997034","-3.8246162446997034","-3.8246162446997034","-2.39858889980803","-2.39858889980803","-2.39858889980803","-2.9549975699883895","-2.9549975699883895","-2.9549975699883895","-1.7116265041146275","-1.7116265041146275","-1.7116265041146275","-2.785781336519947","-2.785781336519947","-2.785781336519947","-3.4354053171564845","-3.4354053171564845","-3.4354053171564845","-2.009695746886966","-2.009695746886966","-2.009695746886966","-3.0500064920308603","-3.0500064920308603","-3.0500064920308603","-1.8525674106195908","-1.8525674106195908","-1.8525674106195908","-3.28620563626732","-3.28620563626732","-3.28620563626732","-2.782580779250821","-2.782580779250821","-2.782580779250821","-1.5511196556258855","-1.5511196556258855","-1.5511196556258855","-3.8981020018220605","-3.8981020018220605","-3.8981020018220605","-1.9674692422999527","-1.9674692422999527","-1.9674692422999527","-4.011931518314915","-4.011931518314915","-4.011931518314915","-3.32283091351145","-3.32283091351145","-3.32283091351145","-2.576260523466657","-2.576260523466657","-2.576260523466657"
"13500","-2.323103427905564","-2.323103427905564","-2.323103427905564","-2.7696662979756117","-2.7696662979756117","-2.7696662979756117","-2.856358519756639","-2.856358519756639","-2.856358519756639","-2.4751367835883635","-2.4751367835883635","-2.4751367835883635","-2.6767412932247345","-2.6767412932247345","-2.6767412932247345","-1.6645946424621318","-1.6645946424621318","-1.6645946424621318","-2.810151365057675","-2.810151365057675","-2.810151365057675","-3.478940684190911","-3.478940684190911","-3.478940684190911","-2.4876801593976703","-2.4876801593976703","-2.4876801593976703","-2.5653104196150966","-2.5653104196150966","-2.5653104196150966","-2.0986889514345988","-2.0986889514345988","-2.0986889514345988","-3.216729849071978","-3.216729849071978","-3.216729849071978","-1.9761883431440643","-1.9761883431440643","-1.9761883431440643","-2.2433715506156777","-2.2433715506156777","-2.2433715506156777","-2.3121124440689735","-2.3121124440689735","-2.3121124440689735","-4.287636843676944","-4.287636843676944","-4.287636843676944","-1.9661419365227204","-1.9661419365227204","-1.9661419365227204","-3.3429229829709017","-3.3429229829709017","-3.3429229829709017","-3.110153199857263","-3.110153199857263","-3.110153199857263","-2.5646089635407874","-2.5646089635407874","-2.5646089635407874"
"14000","-2.165650059272253","-2.165650059272253","-2.165650059272253","-2.9819015845170234","-2.9819015845170234","-2.9819015845170234","-2.201584079814352","-2.201584079814352","-2.201584079814352","-3.401119225152128","-3.401119225152128","-3.401119225152128","-3.7830451339915454","-3.7830451339915454","-3.7830451339915454","-1.9224115984588122","-1.9224115984588122","-1.9224115984588122","-1.6130112280050597","-1.6130112280050597","-1.6130112280050597","-3.138924036516249","-3.138924036516249","-3.138924036516249","-2.768857102420592","-2.768857102420592","-2.768857102420592","-1.9183650242781762","-1.9183650242781762","-1.9183650242781762","-2.956088537826438","-2.956088537826438","-2.956088537826438","-3.4857966490109553","-3.4857966490109553","-3.4857966490109553","-1.7737323930338114","-1.7737323930338114","-1.7737323930338114","-2.968211030331539","-2.968211030331539","-2.968211030331539","-1.60998400466725","-1.60998400466725","-1.60998400466725","-2.9581589485504947","-2.9581589485504947","-2.9581589485504947","-2.1910651143741675","-2.1910651143741675","-2.1910651143741675","-4.564295613845625","-4.564295613845625","-4.564295613845625","-2.719924182384909","-2.719924182384909","-2.719924182384909","-1.9251737313922608","-1.9251737313922608","-1.9251737313922608"
"14500","-5.381736366455039","-5.381736366455039","-5.381736366455039","-2.7790576464574333","-2.7790576464574333","-2.7790576464574333","-2.345519731028619","-2.345519731028619","-2.345519731028619","-3.0651852228998826","-3.0651852228998826","-3.0651852228998826","-2.5721664068753385","-2.5721664068753385","-2.5721664068753385","-1.7255501470152896","-1.7255501470152896","-1.7255501470152896","-2.8791759947726945","-2.8791759947726945","-2.8791759947726945","-3.408722552726662","-3.408722552726662","-3.408722552726662","-1.7416315275545469","-1.7416315275545469","-1.7416315275545469","-1.4960972578279697","-1.4960972578279697","-1.4960972578279697","-2.0637201566108496","-2.0637201566108496","-2.0637201566108496","-3.5810329558593414","-3.5810329558593414","-3.5810329558593414","-3.3512500410001445","-3.3512500410001445","-3.3512500410001445","-2.525153219973414","-2.525153219973414","-2.525153219973414","-3.2900169666186434","-3.2900169666186434","-3.2900169666186434","-2.0211792454919513","-2.0211792454919513","-2.0211792454919513","-1.5659751082622708","-1.5659751082622708","-1.5659751082622708","-2.7765746952875077","-2.7765746952875077","-2.7765746952875077","-2.210029374699148","-2.210029374699148","-2.210029374699148","-1.9052465705758919","-1.9052465705758919","-1.9052465705758919"
"15000","-3.0158198011389943","-3.0158198011389943","-3.0158198011389943","-1.7476484143357787","-1.7476484143357787","-1.7476484143357787","-3.772201756576552","-3.772201756576552","-3.772201756576552","-2.862630492070765","-2.862630492070765","-2.862630492070765","-2.099596248823679","-2.099596248823679","-2.099596248823679","-1.7452858547792147","-1.7452858547792147","-1.7452858547792147","-1.7529627043896674","-1.7529627043896674","-1.7529627043896674","-2.8190335924109022","-2.8190335924109022","-2.8190335924109022","-2.5464777838022346","-2.5464777838022346","-2.5464777838022346","-2.813257630187027","-2.813257630187027","-2.813257630187027","-2.027434046619019","-2.027434046619019","-2.027434046619019","-2.4091652465693056","-2.4091652465693056","-2.4091652465693056","-2.6962415312310144","-2.6962415312310144","-2.6962415312310144","-2.756977279992496","-2.756977279992496","-2.756977279992496","-2.9356697884895473","-2.9356697884895473","-2.9356697884895473","-4.515559987386545","-4.515559987386545","-4.515559987386545","-1.5663491647399521","-1.5663491647399521","-1.5663491647399521","-2.826442027316162","-2.826442027316162","-2.826442027316162","-2.8184760673954186","-2.8184760673954186","-2.8184760673954186","-1.801279236899053","-1.801279236899053","-1.801279236899053"
"15500","-3.9193079864605416","-3.9193079864605416","-3.9193079864605416","-2.0267946946475788","-2.0267946946475788","-2.0267946946475788","-2.2974093545259184","-2.2974093545259184","-2.2974093545259184","-3.625258529396395","-3.625258529396395","-3.625258529396395","-1.8231571026046587","-1.8231571026046587","-1.8231571026046587","-2.048740664062995","-2.048740664062995","-2.048740664062995","-1.3231435123754873","-1.3231435123754873","-1.3231435123754873","-2.5661140880552904","-2.5661140880552904","-2.5661140880552904","-1.6127309472299753","-1.6127309472299753","-1.6127309472299753","-1.6333574292157866","-1.6333574292157866","-1.6333574292157866","-2.272568930383889","-2.272568930383889","-2.272568930383889","-3.1369695252833134","-3.1369695252833134","-3.1369695252833134","-2.958751227623349","-2.958751227623349","-2.958751227623349","-2.6072717850299134","-2.6072717850299134","-2.6072717850299134","-2.3757682323543206","-2.3757682323543206","-2.3757682323543206","-3.5696916991175014","-3.5696916991175014","-3.5696916991175014","-2.0976921332400766","-2.0976921332400766","-2.0976921332400766","-4.148655018576542","-4.148655018576542","-4.148655018576542","-2.664883450852707","-2.664883450852707","-2.664883450852707","-2.4287178016444906","-2.4287178016444906","-2.4287178016444906"
"16000","-4.30548512494546","-4.30548512494546","-4.30548512494546","-1.559560463767251","-1.559560463767251","-1.559560463767251","-2.045923542953146","-2.045923542953146","-2.045923542953146","-2.5957844947195676","-2.5957844947195676","-2.5957844947195676","-2.8643867075366716","-2.8643867075366716","-2.8643867075366716","-2.1942575431485927","-2.1942575431485927","-2.1942575431485927","-1.9470962683181505","-1.9470962683181505","-1.9470962683181505","-2.503299904022048","-2.503299904022048","-2.503299904022048","-2.4294114097026176","-2.4294114097026176","-2.4294114097026176","-2.179289642603385","-2.179289642603385","-2.179289642603385","-4.071808963861688","-4.071808963861688","-4.071808963861688","-3.7109947754596306","-3.7109947754596306","-3.7109947754596306","-2.1715314431079173","-2.1715314431079173","-2.1715314431079173","-1.8170124397469707","-1.8170124397469707","-1.8170124397469707","-2.5904180235600847","-2.5904180235600847","-2.5904180235600847","-4.5399884242342745","-4.5399884242342745","-4.5399884242342745","-1.4484297967534911","-1.4484297967534911","-1.4484297967534911","-2.7556469097495335","-2.7556469097495335","-2.7556469097495335","-1.9536000134295555","-1.9536000134295555","-1.9536000134295555","-2.7162588139376984","-2.7162588139376984","-2.7162588139376984"
"16500","-3.2296599148137934","-3.2296599148137934","-3.2296599148137934","-1.8416197423049385","-1.8416197423049385","-1.8416197423049385","-1.7355688776382767","-1.7355688776382767","-1.7355688776382767","-1.9906067405440804","-1.9906067405440804","-1.9906067405440804","-2.2602190489577576","-2.2602190489577576","-2.2602190489577576","-1.8844708174993285","-1.8844708174993285","-1.8844708174993285","-1.8103778852895804","-1.8103778852895804","-1.8103778852895804","-2.103625720200904","-2.103625720200904","-2.103625720200904","-3.370554814909034","-3.370554814909034","-3.370554814909034","-1.4021512064727486","-1.4021512064727486","-1.4021512064727486","-2.0352371538134757","-2.0352371538134757","-2.0352371538134757","-2.6288054181152214","-2.6288054181152214","-2.6288054181152214","-3.6173620672376066","-3.6173620672376066","-3.6173620672376066","-2.0201602770187206","-2.0201602770187206","-2.0201602770187206","-2.1234416257020525","-2.1234416257020525","-2.1234416257020525","-3.1076576072401196","-3.1076576072401196","-3.1076576072401196","-1.221135057534261","-1.221135057534261","-1.221135057534261","-2.869353341427451","-2.869353341427451","-2.869353341427451","-4.2532285731877835","-4.2532285731877835","-4.2532285731877835","-2.4636994102066154","-2.4636994102066154","-2.4636994102066154"
"17000","-2.6036979078286557","-2.6036979078286557","-2.6036979078286557","-1.6987525705038027","-1.6987525705038027","-1.6987525705038027","-2.055710308998579","-2.055710308998579","-2.055710308998579","-2.4038285133920474","-2.4038285133920474","-2.4038285133920474","-2.1408040558255723","-2.1408040558255723","-2.1408040558255723","-1.696788185288509","-1.696788185288509","-1.696788185288509","-2.2575892918102336","-2.2575892918102336","-2.2575892918102336","-2.527630409464151","-2.527630409464151","-2.527630409464151","-2.26039910445916","-2.26039910445916","-2.26039910445916","-1.8470864993209812","-1.8470864993209812","-1.8470864993209812","-2.047975482641211","-2.047975482641211","-2.047975482641211","-1.86762463343595","-1.86762463343595","-1.86762463343595","-1.7165784569519253","-1.7165784569519253","-1.7165784569519253","-2.757290514583122","-2.757290514583122","-2.757290514583122","-2.6276007624544517","-2.6276007624544517","-2.6276007624544517","-4.058304363022186","-4.058304363022186","-4.058304363022186","-1.8217968749571996","-1.8217968749571996","-1.8217968749571996","-2.4854997238872354","-2.4854997238872354","-2.4854997238872354","-3.311284277303687","-3.311284277303687","-3.311284277303687","-2.081830312857965","-2.081830312857965","-2.081830312857965"
"17500","-2.291944823818289","-2.291944823818289","-2.291944823818289","-2.1348705940305748","-2.1348705940305748","-2.1348705940305748","-1.937599558594033","-1.937599558594033","-1.937599558594033","-2.4631226692496515","-2.4631226692496515","-2.4631226692496515","-1.9302064693800738","-1.9302064693800738","-1.9302064693800738","-1.9504876648255116","-1.9504876648255116","-1.9504876648255116","-1.2671483951153097","-1.2671483951153097","-1.2671483951153097","-2.665323134076213","-2.665323134076213","-2.665323134076213","-3.424820102641251","-3.424820102641251","-3.424820102641251","-1.9909864024585033","-1.9909864024585033","-1.9909864024585033","-2.081160682144664","-2.081160682144664","-2.081160682144664","-2.2594096658296374","-2.2594096658296374","-2.2594096658296374","-2.397918549275482","-2.397918549275482","-2.397918549275482","-1.815009825743573","-1.815009825743573","-1.815009825743573","-2.182575222621039","-2.182575222621039","-2.182575222621039","-3.5435738907626253","-3.5435738907626253","-3.5435738907626253","-2.3069306152338065","-2.3069306152338065","-2.3069306152338065","-2.121126382045559","-2.121126382045559","-2.121126382045559","-2.320227721503746","-2.320227721503746","-2.320227721503746","-3.8319454493612986","-3.8319454493612986","-3.8319454493612986"
"18000","-2.6441914815481464","-2.6441914815481464","-2.6441914815481464","-1.8065670484769456","-1.8065670484769456","-1.8065670484769456","-2.3003021986805527","-2.3003021986805527","-2.3003021986805527","-2.233541741410468","-2.233541741410468","-2.233541741410468","-2.282129827918557","-2.282129827918557","-2.282129827918557","-2.68310082198185","-2.68310082198185","-2.68310082198185","-3.2272207263014714","-3.2272207263014714","-3.2272207263014714","-1.8062035262149734","-1.8062035262149734","-1.8062035262149734","-2.5241007044363166","-2.5241007044363166","-2.5241007044363166","-1.5633722837559607","-1.5633722837559607","-1.5633722837559607","-2.310737104004583","-2.310737104004583","-2.310737104004583","-2.5150584422589306","-2.5150584422589306","-2.5150584422589306","-1.387574529815764","-1.387574529815764","-1.387574529815764","-3.410725423618833","-3.410725423618833","-3.410725423618833","-2.718776772331337","-2.718776772331337","-2.718776772331337","-4.384382267005284","-4.384382267005284","-4.384382267005284","-1.862295718395113","-1.862295718395113","-1.862295718395113","-2.3728989463745394","-2.3728989463745394","-2.3728989463745394","-2.654671487617011","-2.654671487617011","-2.654671487617011","-2.375980492748244","-2.375980492748244","-2.375980492748244"
"18500","-1.972653694262727","-1.972653694262727","-1.972653694262727","-2.309560359367846","-2.309560359367846","-2.309560359367846","-1.8404874952274497","-1.8404874952274497","-1.8404874952274497","-3.102518653987867","-3.102518653987867","-3.102518653987867","-2.9431327198286668","-2.9431327198286668","-2.9431327198286668","-3.0875127276160397","-3.0875127276160397","-3.0875127276160397","-2.8344609190829786","-2.8344609190829786","-2.8344609190829786","-1.6485733501203916","-1.6485733501203916","-1.6485733501203916","-1.973348188939429","-1.973348188939429","-1.973348188939429","-1.5033650596170534","-1.5033650596170534","-1.5033650596170534","-2.6694042577772588","-2.6694042577772588","-2.6694042577772588","-2.7653854322904907","-2.7653854322904907","-2.7653854322904907","-2.3790102425301756","-2.3790102425301756","-2.3790102425301756","-1.6752347949295452","-1.6752347949295452","-1.6752347949295452","-1.5848779986169592","-1.5848779986169592","-1.5848779986169592","-2.557355650575475","-2.557355650575475","-2.557355650575475","-1.2537638997822997","-1.2537638997822997","-1.2537638997822997","-3.258416330076571","-3.258416330076571","-3.258416330076571","-1.4432687906739248","-1.4432687906739248","-1.4432687906739248","-1.939286277724816","-1.939286277724816","-1.939286277724816"
"19000","-2.5671281364967315","-2.5671281364967315","-2.5671281364967315","-2.1067474084092104","-2.1067474084092104","-2.1067474084092104","-1.8378577189407088","-1.8378577189407088","-1.8378577189407088","-2.197127254461443","-2.197127254461443","-2.197127254461443","-2.0656102784361865","-2.0656102784361865","-2.0656102784361865","-1.8407734392947372","-1.8407734392947372","-1.8407734392947372","-3.9662293317970607","-3.9662293317970607","-3.9662293317970607","-2.7740224332255723","-2.7740224332255723","-2.7740224332255723","-2.3767205748846636","-2.3767205748846636","-2.3767205748846636","-1.4743130018896273","-1.4743130018896273","-1.4743130018896273","-1.9320533951929435","-1.9320533951929435","-1.9320533951929435","-2.441853054247254","-2.441853054247254","-2.441853054247254","-1.2617001381202326","-1.2617001381202326","-1.2617001381202326","-1.6079534142074479","-1.6079534142074479","-1.6079534142074479","-2.747390162735503","-2.747390162735503","-2.747390162735503","-3.527602318351426","-3.527602318351426","-3.527602318351426","-0.9818198304852339","-0.9818198304852339","-0.9818198304852339","-2.3392069355161316","-2.3392069355161316","-2.3392069355161316","-2.099899729678308","-2.099899729678308","-2.099899729678308","-1.6713204051819226","-1.6713204051819226","-1.6713204051819226"
"19500","-3.6838959549010264","-3.6838959549010264","-3.6838959549010264","-1.6185727927775926","-1.6185727927775926","-1.6185727927775926","-2.2747124706462616","-2.2747124706462616","-2.2747124706462616","-2.808026622591377","-2.808026622591377","-2.808026622591377","-3.315833573909847","-3.315833573909847","-3.315833573909847","-2.8764051977309855","-2.8764051977309855","-2.8764051977309855","-2.346303418300137","-2.346303418300137","-2.346303418300137","-1.9287695735825001","-1.9287695735825001","-1.9287695735825001","-1.6489666902284044","-1.6489666902284044","-1.6489666902284044","-1.862913976461685","-1.862913976461685","-1.862913976461685","-2.465842943213213","-2.465842943213213","-2.465842943213213","-1.524487224888551","-1.524487224888551","-1.524487224888551","-2.2365624360674787","-2.2365624360674787","-2.2365624360674787","-2.6463340365812256","-2.6463340365812256","-2.6463340365812256","-1.953779219244095","-1.953779219244095","-1.953779219244095","-3.675759888614391","-3.675759888614391","-3.675759888614391","-1.364802780693584","-1.364802780693584","-1.364802780693584","-3.389856687672995","-3.389856687672995","-3.389856687672995","-2.6406602137967243","-2.6406602137967243","-2.6406602137967243","-2.0818296243199685","-2.0818296243199685","-2.0818296243199685"
"20000","-2.8687161601648663","-2.8687161601648663","-2.8687161601648663","-2.53706471105543","-2.53706471105543","-2.53706471105543","-2.386915893559366","-2.386915893559366","-2.386915893559366","-2.1114004627337075","-2.1114004627337075","-2.1114004627337075","-2.3520522072692156","-2.3520522072692156","-2.3520522072692156","-1.8702553296634796","-1.8702553296634796","-1.8702553296634796","-2.3957937982178557","-2.3957937982178557","-2.3957937982178557","-1.6538721367598153","-1.6538721367598153","-1.6538721367598153","-2.0791703654922324","-2.0791703654922324","-2.0791703654922324","-1.3606598817611908","-1.3606598817611908","-1.3606598817611908","-2.204379390813281","-2.204379390813281","-2.204379390813281","-1.9519786568816229","-1.9519786568816229","-1.9519786568816229","-1.741009645336409","-1.741009645336409","-1.741009645336409","-1.8498325918524174","-1.8498325918524174","-1.8498325918524174","-2.749399479210302","-2.749399479210302","-2.749399479210302","-2.636931919159337","-2.636931919159337","-2.636931919159337","-1.1895626521075897","-1.1895626521075897","-1.1895626521075897","-2.641314627362044","-2.641314627362044","-2.641314627362044","-1.5791743062538945","-1.5791743062538945","-1.5791743062538945","-2.1360942908944054","-2.1360942908944054","-2.1360942908944054"
"20500","-1.521743559537308","-1.521743559537308","-1.521743559537308","-2.785164789443279","-2.785164789443279","-2.785164789443279","-2.6790286523752886","-2.6790286523752886","-2.6790286523752886","-2.125723007216295","-2.125723007216295","-2.125723007216295","-1.7225916243032386","-1.7225916243032386","-1.7225916243032386","-1.6502145451880996","-1.6502145451880996","-1.6502145451880996","-2.0436444231141158","-2.0436444231141158","-2.0436444231141158","-2.105273392477115","-2.105273392477115","-2.105273392477115","-2.73848114116272","-2.73848114116272","-2.73848114116272","-0.9832618294830071","-0.9832618294830071","-0.9832618294830071","-2.297528170281749","-2.297528170281749","-2.297528170281749","-2.137399163250615","-2.137399163250615","-2.137399163250615","-1.619929188842843","-1.619929188842843","-1.619929188842843","-1.4266530064905318","-1.4266530064905318","-1.4266530064905318","-3.083939256876927","-3.083939256876927","-3.083939256876927","-3.533815481033897","-3.533815481033897","-3.533815481033897","-1.1072640503198035","-1.1072640503198035","-1.1072640503198035","-3.760025579668435","-3.760025579668435","-3.760025579668435","-4.505989131766661","-4.505989131766661","-4.505989131766661","-2.086713934182249","-2.086713934182249","-2.086713934182249"
"21000","-1.7218147430873962","-1.7218147430873962","-1.7218147430873962","-2.0641268534520107","-2.0641268534520107","-2.0641268534520107","-1.302954727494029","-1.302954727494029","-1.302954727494029","-1.8986257036704086","-1.8986257036704086","-1.8986257036704086","-1.9126983835881926","-1.9126983835881926","-1.9126983835881926","-1.807668543242557","-1.807668543242557","-1.807668543242557","-1.4896657785654104","-1.4896657785654104","-1.4896657785654104","-5.945693178212494","-5.945693178212494","-5.945693178212494","-1.5904703617212477","-1.5904703617212477","-1.5904703617212477","-1.2708836436427415","-1.2708836436427415","-1.2708836436427415","-1.7319918402818693","-1.7319918402818693","-1.7319918402818693","-1.6758866547437274","-1.6758866547437274","-1.6758866547437274","-1.6727514038113127","-1.6727514038113127","-1.6727514038113127","-2.816649044423695","-2.816649044423695","-2.816649044423695","-2.036157977545025","-2.036157977545025","-2.036157977545025","-2.605690859261154","-2.605690859261154","-2.605690859261154","-1.9209095027847325","-1.9209095027847325","-1.9209095027847325","-2.8838685119029073","-2.8838685119029073","-2.8838685119029073","-1.5447256286141382","-1.5447256286141382","-1.5447256286141382","-1.65295864631473","-1.65295864631473","-1.65295864631473"
"21500","-1.7837862512106348","-1.7837862512106348","-1.7837862512106348","-1.6821490390128866","-1.6821490390128866","-1.6821490390128866","-3.1050023596237155","-3.1050023596237155","-3.1050023596237155","-1.538071257387816","-1.538071257387816","-1.538071257387816","-2.107848934220819","-2.107848934220819","-2.107848934220819","-1.6109571446178628","-1.6109571446178628","-1.6109571446178628","-1.8999655997722242","-1.8999655997722242","-1.8999655997722242","-1.7665483684634444","-1.7665483684634444","-1.7665483684634444","-2.759234231322775","-2.759234231322775","-2.759234231322775","-1.6493196273738377","-1.6493196273738377","-1.6493196273738377","-1.6853315813704728","-1.6853315813704728","-1.6853315813704728","-2.808668324807175","-2.808668324807175","-2.808668324807175","-1.139012902224829","-1.139012902224829","-1.139012902224829","-1.692072484217364","-1.692072484217364","-1.692072484217364","-2.540595594394348","-2.540595594394348","-2.540595594394348","-3.5249970974589573","-3.5249970974589573","-3.5249970974589573","-1.0255287991865978","-1.0255287991865978","-1.0255287991865978","-1.7730116846469754","-1.7730116846469754","-1.7730116846469754","-2.0309607165964176","-2.0309607165964176","-2.0309607165964176","-1.387135653057412","-1.387135653057412","-1.387135653057412"
"22000","-1.5673426367769454","-1.5673426367769454","-1.5673426367769454","-2.016701781608012","-2.016701781608012","-2.016701781608012","-1.3793654411809744","-1.3793654411809744","-1.3793654411809744","-1.5841571911040397","-1.5841571911040397","-1.5841571911040397","-1.5688316614727214","-1.5688316614727214","-1.5688316614727214","-2.22598181797274","-2.22598181797274","-2.22598181797274","-2.0233597051346592","-2.0233597051346592","-2.0233597051346592","-1.8098276612086788","-1.8098276612086788","-1.8098276612086788","-1.4863704552478412","-1.4863704552478412","-1.4863704552478412","-1.1960461833056628","-1.1960461833056628","-1.1960461833056628","-1.6453377921272847","-1.6453377921272847","-1.6453377921272847","-1.6266515810799962","-1.6266515810799962","-1.6266515810799962","-2.1077996985113607","-2.1077996985113607","-2.1077996985113607","-2.47318341289593","-2.47318341289593","-2.47318341289593","-1.5424377867864691","-1.5424377867864691","-1.5424377867864691","-2.5953522887424763","-2.5953522887424763","-2.5953522887424763","-2.0280980471064547","-2.0280980471064547","-2.0280980471064547","-1.8949563344912215","-1.8949563344912215","-1.8949563344912215","-1.674983361022662","-1.674983361022662","-1.674983361022662","-1.390419625108454","-1.390419625108454","-1.390419625108454"
"22500","-1.1019351659792842","-1.1019351659792842","-1.1019351659792842","-3.2661986323596937","-3.2661986323596937","-3.2661986323596937","-2.047322319736049","-2.047322319736049","-2.047322319736049","-2.129713010350143","-2.129713010350143","-2.129713010350143","-2.1268037310900647","-2.1268037310900647","-2.1268037310900647","-1.805679539119971","-1.805679539119971","-1.805679539119971","-2.0307245084334737","-2.0307245084334737","-2.0307245084334737","-1.3750041864559446","-1.3750041864559446","-1.3750041864559446","-1.6287583843245101","-1.6287583843245101","-1.6287583843245101","-1.1685058743270385","-1.1685058743270385","-1.1685058743270385","-1.8469440870662663","-1.8469440870662663","-1.8469440870662663","-1.5625068818040106","-1.5625068818040106","-1.5625068818040106","-1.9940186839601999","-1.9940186839601999","-1.9940186839601999","-2.181621038979814","-2.181621038979814","-2.181621038979814","-2.1972811962778835","-2.1972811962778835","-2.1972811962778835","-2.4236362318380413","-2.4236362318380413","-2.4236362318380413","-1.2564924313408294","-1.2564924313408294","-1.2564924313408294","-1.7629913034570959","-1.7629913034570959","-1.7629913034570959","-1.8722250707780332","-1.8722250707780332","-1.8722250707780332","-1.75914062727615","-1.75914062727615","-1.75914062727615"
"23000","-3.27679914910549","-3.27679914910549","-3.27679914910549","-1.2858552586524734","-1.2858552586524734","-1.2858552586524734","-2.460987708931031","-2.460987708931031","-2.460987708931031","-2.0435310432033305","-2.0435310432033305","-2.0435310432033305","-1.2547452872671088","-1.2547452872671088","-1.2547452872671088","-1.7787749426656425","-1.7787749426656425","-1.7787749426656425","-1.1929589436385053","-1.1929589436385053","-1.1929589436385053","-1.5415835542217762","-1.5415835542217762","-1.5415835542217762","-1.4601686067144712","-1.4601686067144712","-1.4601686067144712","-1.2258297814619161","-1.2258297814619161","-1.2258297814619161","-2.1711634679826193","-2.1711634679826193","-2.1711634679826193","-2.215995525923442","-2.215995525923442","-2.215995525923442","-1.5802208105178515","-1.5802208105178515","-1.5802208105178515","-2.1561901361607627","-2.1561901361607627","-2.1561901361607627","-2.032589680062469","-2.032589680062469","-2.032589680062469","-2.114537573085472","-2.114537573085472","-2.114537573085472","-1.574300513182537","-1.574300513182537","-1.574300513182537","-1.8437387662479634","-1.8437387662479634","-1.8437387662479634","-1.50092336387599","-1.50092336387599","-1.50092336387599","-1.7234290339597247","-1.7234290339597247","-1.7234290339597247"
"23500","-1.4129075946961853","-1.4129075946961853","-1.4129075946961853","-1.7245336047858402","-1.7245336047858402","-1.7245336047858402","-1.2277207283486788","-1.2277207283486788","-1.2277207283486788","-1.429113549859005","-1.429113549859005","-1.429113549859005","-1.6928025947348935","-1.6928025947348935","-1.6928025947348935","-1.759212056120954","-1.759212056120954","-1.759212056120954","-2.511244889056756","-2.511244889056756","-2.511244889056756","-2.1111781866612223","-2.1111781866612223","-2.1111781866612223","-2.873989031892264","-2.873989031892264","-2.873989031892264","-1.5329761884888498","-1.5329761884888498","-1.5329761884888498","-1.7519413687637921","-1.7519413687637921","-1.7519413687637921","-2.395381197756239","-2.395381197756239","-2.395381197756239","-1.9375919387012122","-1.9375919387012122","-1.9375919387012122","-2.131092367816774","-2.131092367816774","-2.131092367816774","-2.506052830679115","-2.506052830679115","-2.506052830679115","-2.4459395222461877","-2.4459395222461877","-2.4459395222461877","-1.6314078035424253","-1.6314078035424253","-1.6314078035424253","-2.1431239088249248","-2.1431239088249248","-2.1431239088249248","-1.5861836004911414","-1.5861836004911414","-1.5861836004911414","-1.4127121860900371","-1.4127121860900371","-1.4127121860900371"
"24000","-1.3496437163541564","-1.3496437163541564","-1.3496437163541564","-1.6582149786294802","-1.6582149786294802","-1.6582149786294802","-1.0407098531440186","-1.0407098531440186","-1.0407098531440186","-1.545470296851619","-1.545470296851619","-1.545470296851619","-1.7579394025600763","-1.7579394025600763","-1.7579394025600763","-1.7589805427996095","-1.7589805427996095","-1.7589805427996095","-1.604327820448514","-1.604327820448514","-1.604327820448514","-1.5173303913018958","-1.5173303913018958","-1.5173303913018958","-2.0604110509509956","-2.0604110509509956","-2.0604110509509956","-1.9080182918101845","-1.9080182918101845","-1.9080182918101845","-1.5783276405459175","-1.5783276405459175","-1.5783276405459175","-2.0783953947331097","-2.0783953947331097","-2.0783953947331097","-1.5572753683785365","-1.5572753683785365","-1.5572753683785365","-2.2746353968082476","-2.2746353968082476","-2.2746353968082476","-1.9503057904974619","-1.9503057904974619","-1.9503057904974619","-2.7525691830708934","-2.7525691830708934","-2.7525691830708934","-1.2083328149744283","-1.2083328149744283","-1.2083328149744283","-2.4427009449669383","-2.4427009449669383","-2.4427009449669383","-1.7506493103039742","-1.7506493103039742","-1.7506493103039742","-1.569364769252412","-1.569364769252412","-1.569364769252412"
"24500","-2.765648702859831","-2.765648702859831","-2.765648702859831","-1.2354369348832681","-1.2354369348832681","-1.2354369348832681","-1.2742146225806192","-1.2742146225806192","-1.2742146225806192","-2.7469519049945914","-2.7469519049945914","-2.7469519049945914","-1.4220955830554542","-1.4220955830554542","-1.4220955830554542","-2.440733366420127","-2.440733366420127","-2.440733366420127","-1.8198941268149735","-1.8198941268149735","-1.8198941268149735","-2.938049485343294","-2.938049485343294","-2.938049485343294","-1.914926630331974","-1.914926630331974","-1.914926630331974","-1.055796065699845","-1.055796065699845","-1.055796065699845","-1.988180267520248","-1.988180267520248","-1.988180267520248","-2.4700922011124513","-2.4700922011124513","-2.4700922011124513","-1.3710455001261923","-1.3710455001261923","-1.3710455001261923","-2.259633546907753","-2.259633546907753","-2.259633546907753","-1.4544459397993692","-1.4544459397993692","-1.4544459397993692","-1.5976970582368673","-1.5976970582368673","-1.5976970582368673","-1.0610696127459769","-1.0610696127459769","-1.0610696127459769","-1.8649164286945783","-1.8649164286945783","-1.8649164286945783","-2.1315134298776046","-2.1315134298776046","-2.1315134298776046","-1.9958513516620406","-1.9958513516620406","-1.9958513516620406"
"25000","-1.2504773148749926","-1.2504773148749926","-1.2504773148749926","-2.3814644063242993","-2.3814644063242993","-2.3814644063242993","-2.010229637190622","-2.010229637190622","-2.010229637190622","-1.7177884361867846","-1.7177884361867846","-1.7177884361867846","-1.2372217616234138","-1.2372217616234138","-1.2372217616234138","-1.9130557011312486","-1.9130557011312486","-1.9130557011312486","-1.4908545141996872","-1.4908545141996872","-1.4908545141996872","-1.4911403148010725","-1.4911403148010725","-1.4911403148010725","-1.8488741082630333","-1.8488741082630333","-1.8488741082630333","-1.4156722865017486","-1.4156722865017486","-1.4156722865017486","-1.6011231986203942","-1.6011231986203942","-1.6011231986203942","-1.9061376094323879","-1.9061376094323879","-1.9061376094323879","-1.6845658361920872","-1.6845658361920872","-1.6845658361920872","-1.3680295310150397","-1.3680295310150397","-1.3680295310150397","-2.9604973459292223","-2.9604973459292223","-2.9604973459292223","-1.624920163906025","-1.624920163906025","-1.624920163906025","-1.2244663065580461","-1.2244663065580461","-1.2244663065580461","-1.6215751133228147","-1.6215751133228147","-1.6215751133228147","-2.0585833356880343","-2.0585833356880343","-2.0585833356880343","-1.5053120984864699","-1.5053120984864699","-1.5053120984864699"
"25500","-1.7251198994806327","-1.7251198994806327","-1.7251198994806327","-0.910542462005521","-0.910542462005521","-0.910542462005521","-1.2127618853410158","-1.2127618853410158","-1.2127618853410158","-1.520476250957041","-1.520476250957041","-1.520476250957041","-1.8562167599217172","-1.8562167599217172","-1.8562167599217172","-2.5487307890746145","-2.5487307890746145","-2.5487307890746145","-2.3897660135378525","-2.3897660135378525","-2.3897660135378525","-1.547075847613722","-1.547075847613722","-1.547075847613722","-1.6123963922254467","-1.6123963922254467","-1.6123963922254467","-1.2431824275391539","-1.2431824275391539","-1.2431824275391539","-1.5862344346347357","-1.5862344346347357","-1.5862344346347357","-1.7824329973373316","-1.7824329973373316","-1.7824329973373316","-1.3424972001865871","-1.3424972001865871","-1.3424972001865871","-1.7378067001884077","-1.7378067001884077","-1.7378067001884077","-1.7794659106693789","-1.7794659106693789","-1.7794659106693789","-2.287421657997947","-2.287421657997947","-2.287421657997947","-1.2590833788298619","-1.2590833788298619","-1.2590833788298619","-1.7110977511225225","-1.7110977511225225","-1.7110977511225225","-1.9798526698447234","-1.9798526698447234","-1.9798526698447234","-1.5979568245915363","-1.5979568245915363","-1.5979568245915363"
"26000","-1.9084899170786536","-1.9084899170786536","-1.9084899170786536","-1.1858462491809738","-1.1858462491809738","-1.1858462491809738","-0.9345009959251381","-0.9345009959251381","-0.9345009959251381","-1.4409897097850712","-1.4409897097850712","-1.4409897097850712","-1.4575261981300298","-1.4575261981300298","-1.4575261981300298","-3.035300350828973","-3.035300350828973","-3.035300350828973","-1.3418655259508911","-1.3418655259508911","-1.3418655259508911","-1.5747515931952976","-1.5747515931952976","-1.5747515931952976","-0.9859974019953526","-0.9859974019953526","-0.9859974019953526","-2.333787250359337","-2.333787250359337","-2.333787250359337","-1.375082830391483","-1.375082830391483","-1.375082830391483","-1.6422268775742286","-1.6422268775742286","-1.6422268775742286","-1.1593202151526387","-1.1593202151526387","-1.1593202151526387","-1.7162438146617671","-1.7162438146617671","-1.7162438146617671","-1.7473180346583448","-1.7473180346583448","-1.7473180346583448","-2.0000162953760934","-2.0000162953760934","-2.0000162953760934","-0.9762183198876162","-0.9762183198876162","-0.9762183198876162","-1.4292837989456122","-1.4292837989456122","-1.4292837989456122","-1.6449145770597955","-1.6449145770597955","-1.6449145770597955","-1.2176823131789654","-1.2176823131789654","-1.2176823131789654"
"26500","-1.87289952520958","-1.87289952520958","-1.87289952520958","-2.1651050960463385","-2.1651050960463385","-2.1651050960463385","-1.0082249370402272","-1.0082249370402272","-1.0082249370402272","-1.5646563518418242","-1.5646563518418242","-1.5646563518418242","-1.807536994728079","-1.807536994728079","-1.807536994728079","-1.6474630040219356","-1.6474630040219356","-1.6474630040219356","-1.6923721249872643","-1.6923721249872643","-1.6923721249872643","-1.6665763319910964","-1.6665763319910964","-1.6665763319910964","-1.5330004176396435","-1.5330004176396435","-1.5330004176396435","-1.6705814440245639","-1.6705814440245639","-1.6705814440245639","-1.3223370020198324","-1.3223370020198324","-1.3223370020198324","-1.7644979231790578","-1.7644979231790578","-1.7644979231790578","-1.1357361051232218","-1.1357361051232218","-1.1357361051232218","-1.5299668493475505","-1.5299668493475505","-1.5299668493475505","-2.1296184907445275","-2.1296184907445275","-2.1296184907445275","-1.6494777742745785","-1.6494777742745785","-1.6494777742745785","-2.37973451872137","-2.37973451872137","-2.37973451872137","-1.7930540103961505","-1.7930540103961505","-1.7930540103961505","-1.2635913206527805","-1.2635913206527805","-1.2635913206527805","-2.5565464982768313","-2.5565464982768313","-2.5565464982768313"
"27000","-2.0240728716496106","-2.0240728716496106","-2.0240728716496106","-1.0060388602082941","-1.0060388602082941","-1.0060388602082941","-3.2440281727992293","-3.2440281727992293","-3.2440281727992293","-1.2939678714748613","-1.2939678714748613","-1.2939678714748613","-3.3946295569014664","-3.3946295569014664","-3.3946295569014664","-1.884842361405416","-1.884842361405416","-1.884842361405416","-1.5820852948483917","-1.5820852948483917","-1.5820852948483917","-1.9216054343836035","-1.9216054343836035","-1.9216054343836035","-1.256459130114782","-1.256459130114782","-1.256459130114782","-1.293146917671642","-1.293146917671642","-1.293146917671642","-1.103581756848135","-1.103581756848135","-1.103581756848135","-1.757418629849301","-1.757418629849301","-1.757418629849301","-1.1529426965541911","-1.1529426965541911","-1.1529426965541911","-2.1853686878256573","-2.1853686878256573","-2.1853686878256573","-2.7657072905719717","-2.7657072905719717","-2.7657072905719717","-2.166432400420496","-2.166432400420496","-2.166432400420496","-1.4391802705290488","-1.4391802705290488","-1.4391802705290488","-1.793579832418807","-1.793579832418807","-1.793579832418807","-1.5697160542811062","-1.5697160542811062","-1.5697160542811062","-1.618841138551923","-1.618841138551923","-1.618841138551923"
"27500","-1.6919377142566696","-1.6919377142566696","-1.6919377142566696","-1.2595835986919233","-1.2595835986919233","-1.2595835986919233","-1.2672038465155073","-1.2672038465155073","-1.2672038465155073","-1.5122041789362541","-1.5122041789362541","-1.5122041789362541","-3.0347564150543103","-3.0347564150543103","-3.0347564150543103","-1.6531212667891821","-1.6531212667891821","-1.6531212667891821","-1.9315896814846591","-1.9315896814846591","-1.9315896814846591","-1.252016763399766","-1.252016763399766","-1.252016763399766","-1.7152662195028086","-1.7152662195028086","-1.7152662195028086","-1.0176461244532495","-1.0176461244532495","-1.0176461244532495","-1.5086219041513491","-1.5086219041513491","-1.5086219041513491","-1.4848571041623835","-1.4848571041623835","-1.4848571041623835","-1.3640184300975917","-1.3640184300975917","-1.3640184300975917","-1.2063964664770053","-1.2063964664770053","-1.2063964664770053","-2.8423205688860205","-2.8423205688860205","-2.8423205688860205","-2.24005947267955","-2.24005947267955","-2.24005947267955","-0.9286030526197274","-0.9286030526197274","-0.9286030526197274","-1.6689537148489635","-1.6689537148489635","-1.6689537148489635","-1.370087186294097","-1.370087186294097","-1.370087186294097","-1.484415379395609","-1.484415379395609","-1.484415379395609"
"28000","-1.6073628575299874","-1.6073628575299874","-1.6073628575299874","-0.9869470547585975","-0.9869470547585975","-0.9869470547585975","-1.6271797209122518","-1.6271797209122518","-1.6271797209122518","-1.6228182331239016","-1.6228182331239016","-1.6228182331239016","-1.206719370132572","-1.206719370132572","-1.206719370132572","-1.509545079015373","-1.509545079015373","-1.509545079015373","-1.1865455358653652","-1.1865455358653652","-1.1865455358653652","-1.875250024494783","-1.875250024494783","-1.875250024494783","-2.0673730467269227","-2.0673730467269227","-2.0673730467269227","-1.51030360497164","-1.51030360497164","-1.51030360497164","-2.1424510901487137","-2.1424510901487137","-2.1424510901487137","-2.1405671741618955","-2.1405671741618955","-2.1405671741618955","-1.3403187429717351","-1.3403187429717351","-1.3403187429717351","-1.7415990253414346","-1.7415990253414346","-1.7415990253414346","-1.789337966672671","-1.789337966672671","-1.789337966672671","-2.0470501437674757","-2.0470501437674757","-2.0470501437674757","-1.164576113236831","-1.164576113236831","-1.164576113236831","-1.520562129398036","-1.520562129398036","-1.520562129398036","-1.536169285584402","-1.536169285584402","-1.536169285584402","-1.8692355167443284","-1.8692355167443284","-1.8692355167443284"
"28500","-1.8281064636343434","-1.8281064636343434","-1.8281064636343434","-2.606269956716009","-2.606269956716009","-2.606269956716009","-2.0228387507920425","-2.0228387507920425","-2.0228387507920425","-1.5363547288494301","-1.5363547288494301","-1.5363547288494301","-2.1826093077448014","-2.1826093077448014","-2.1826093077448014","-1.4169739386209261","-1.4169739386209261","-1.4169739386209261","-1.1960453774571256","-1.1960453774571256","-1.1960453774571256","-1.2081995218011772","-1.2081995218011772","-1.2081995218011772","-2.49164908266686","-2.49164908266686","-2.49164908266686","-0.9169267682069215","-0.9169267682069215","-0.9169267682069215","-1.565349330777491","-1.565349330777491","-1.565349330777491","-1.4790901006364638","-1.4790901006364638","-1.4790901006364638","-1.0470195825314483","-1.0470195825314483","-1.0470195825314483","-1.6921166273551962","-1.6921166273551962","-1.6921166273551962","-1.2544641171961277","-1.2544641171961277","-1.2544641171961277","-2.306457555970082","-2.306457555970082","-2.306457555970082","-1.8582494718682816","-1.8582494718682816","-1.8582494718682816","-1.581324286370097","-1.581324286370097","-1.581324286370097","-1.5146982178209498","-1.5146982178209498","-1.5146982178209498","-1.5983957030352194","-1.5983957030352194","-1.5983957030352194"
"29000","-1.5802549573475582","-1.5802549573475582","-1.5802549573475582","-1.4197630939818806","-1.4197630939818806","-1.4197630939818806","-1.5821286904347502","-1.5821286904347502","-1.5821286904347502","-1.751590371904158","-1.751590371904158","-1.751590371904158","-1.4476555905528066","-1.4476555905528066","-1.4476555905528066","-1.2857766717650496","-1.2857766717650496","-1.2857766717650496","-2.3100590976329554","-2.3100590976329554","-2.3100590976329554","-1.3513649715023115","-1.3513649715023115","-1.3513649715023115","-1.155071918947318","-1.155071918947318","-1.155071918947318","-1.2529427213023552","-1.2529427213023552","-1.2529427213023552","-1.4348383857657487","-1.4348383857657487","-1.4348383857657487","-1.6102344070708186","-1.6102344070708186","-1.6102344070708186","-1.0277662440586308","-1.0277662440586308","-1.0277662440586308","-2.046891567962559","-2.046891567962559","-2.046891567962559","-1.8138927574943957","-1.8138927574943957","-1.8138927574943957","-2.3968679424667654","-2.3968679424667654","-2.3968679424667654","-0.8761104521354653","-0.8761104521354653","-0.8761104521354653","-2.0426174168983025","-2.0426174168983025","-2.0426174168983025","-2.834744230121172","-2.834744230121172","-2.834744230121172","-1.4691470212336182","-1.4691470212336182","-1.4691470212336182"
"29500","-2.1799132409957687","-2.1799132409957687","-2.1799132409957687","-1.367538702291693","-1.367538702291693","-1.367538702291693","-1.195235787311805","-1.195235787311805","-1.195235787311805","-1.2011127112013127","-1.2011127112013127","-1.2011127112013127","-1.4394840975352254","-1.4394840975352254","-1.4394840975352254","-1.4682894535551552","-1.4682894535551552","-1.4682894535551552","-2.1933154557706076","-2.1933154557706076","-2.1933154557706076","-1.4760393633877193","-1.4760393633877193","-1.4760393633877193","-2.3755029865680357","-2.3755029865680357","-2.3755029865680357","-1.2822146584723484","-1.2822146584723484","-1.2822146584723484","-1.7199688864424865","-1.7199688864424865","-1.7199688864424865","-1.4369174236566866","-1.4369174236566866","-1.4369174236566866","-1.775360038169786","-1.775360038169786","-1.775360038169786","-1.2023142448451805","-1.2023142448451805","-1.2023142448451805","-1.905626488868283","-1.905626488868283","-1.905626488868283","-1.817919383850891","-1.817919383850891","-1.817919383850891","-1.0976153160214892","-1.0976153160214892","-1.0976153160214892","-1.8972109157225276","-1.8972109157225276","-1.8972109157225276","-1.4950813316584337","-1.4950813316584337","-1.4950813316584337","-1.5529953603554936","-1.5529953603554936","-1.5529953603554936"
"30000","-1.7545684776071866","-1.7545684776071866","-1.7545684776071866","-1.2312548912660894","-1.2312548912660894","-1.2312548912660894","-2.1953148475712285","-2.1953148475712285","-2.1953148475712285","-1.271488704525","-1.271488704525","-1.271488704525","-1.3223965944322418","-1.3223965944322418","-1.3223965944322418","-1.5075188954773762","-1.5075188954773762","-1.5075188954773762","-1.5334200469714265","-1.5334200469714265","-1.5334200469714265","-0.9965961166156074","-0.9965961166156074","-0.9965961166156074","-1.4285043129083006","-1.4285043129083006","-1.4285043129083006","-1.408084708976921","-1.408084708976921","-1.408084708976921","-1.8970582793936697","-1.8970582793936697","-1.8970582793936697","-1.7585464053527353","-1.7585464053527353","-1.7585464053527353","-0.9536370775323295","-0.9536370775323295","-0.9536370775323295","-1.922625812366204","-1.922625812366204","-1.922625812366204","-2.0579660141483034","-2.0579660141483034","-2.0579660141483034","-2.234009021241735","-2.234009021241735","-2.234009021241735","-0.9621313764516299","-0.9621313764516299","-0.9621313764516299","-2.4014151217188084","-2.4014151217188084","-2.4014151217188084","-1.9020211995276415","-1.9020211995276415","-1.9020211995276415","-1.356112069983506","-1.356112069983506","-1.356112069983506"
"30500","-1.5274337534152251","-1.5274337534152251","-1.5274337534152251","-1.1768401063594673","-1.1768401063594673","-1.1768401063594673","-1.1343902547491593","-1.1343902547491593","-1.1343902547491593","-1.9091695115021559","-1.9091695115021559","-1.9091695115021559","-1.0981817504220337","-1.0981817504220337","-1.0981817504220337","-1.2193690538978892","-1.2193690538978892","-1.2193690538978892","-2.0409023842262166","-2.0409023842262166","-2.0409023842262166","-1.1610592354924016","-1.1610592354924016","-1.1610592354924016","-1.213178162272732","-1.213178162272732","-1.213178162272732","-1.0107841916748543","-1.0107841916748543","-1.0107841916748543","-1.3970913181029396","-1.3970913181029396","-1.3970913181029396","-1.7094078506030357","-1.7094078506030357","-1.7094078506030357","-0.9870675351345177","-0.9870675351345177","-0.9870675351345177","-1.1258080563689443","-1.1258080563689443","-1.1258080563689443","-1.9759293875033623","-1.9759293875033623","-1.9759293875033623","-1.742446349507734","-1.742446349507734","-1.742446349507734","-1.1074458071133764","-1.1074458071133764","-1.1074458071133764","-1.7780151695286872","-1.7780151695286872","-1.7780151695286872","-1.6254610448960638","-1.6254610448960638","-1.6254610448960638","-1.7994641250713752","-1.7994641250713752","-1.7994641250713752"
"31000","-1.3554473660042858","-1.3554473660042858","-1.3554473660042858","-1.117178126617486","-1.117178126617486","-1.117178126617486","-0.962618424636571","-0.962618424636571","-0.962618424636571","-1.2517851281276304","-1.2517851281276304","-1.2517851281276304","-1.2245990209745765","-1.2245990209745765","-1.2245990209745765","-1.280761371285574","-1.280761371285574","-1.280761371285574","-1.2830712779724465","-1.2830712779724465","-1.2830712779724465","-1.1337942021725211","-1.1337942021725211","-1.1337942021725211","-1.2157656099000165","-1.2157656099000165","-1.2157656099000165","-1.1996047335445938","-1.1996047335445938","-1.1996047335445938","-1.6464917345371544","-1.6464917345371544","-1.6464917345371544","-1.826377015275137","-1.826377015275137","-1.826377015275137","-1.0807163521037175","-1.0807163521037175","-1.0807163521037175","-1.5753922097000235","-1.5753922097000235","-1.5753922097000235","-1.0727640127886922","-1.0727640127886922","-1.0727640127886922","-2.2847870512412443","-2.2847870512412443","-2.2847870512412443","-0.8917986022703946","-0.8917986022703946","-0.8917986022703946","-1.4930913248780273","-1.4930913248780273","-1.4930913248780273","-1.8435956139824285","-1.8435956139824285","-1.8435956139824285","-1.3864639295995878","-1.3864639295995878","-1.3864639295995878"
"31500","-1.19505903690699","-1.19505903690699","-1.19505903690699","-1.2481524622684583","-1.2481524622684583","-1.2481524622684583","-0.9213639789012182","-0.9213639789012182","-0.9213639789012182","-1.2788305979865922","-1.2788305979865922","-1.2788305979865922","-1.2474430418010407","-1.2474430418010407","-1.2474430418010407","-1.4406333625535475","-1.4406333625535475","-1.4406333625535475","-1.0495834383457339","-1.0495834383457339","-1.0495834383457339","-1.104288105199363","-1.104288105199363","-1.104288105199363","-1.4256462835954935","-1.4256462835954935","-1.4256462835954935","-1.234597720725707","-1.234597720725707","-1.234597720725707","-1.4227028882214328","-1.4227028882214328","-1.4227028882214328","-1.4288828521493642","-1.4288828521493642","-1.4288828521493642","-1.1033187817037522","-1.1033187817037522","-1.1033187817037522","-1.7293620236862524","-1.7293620236862524","-1.7293620236862524","-1.516345024973244","-1.516345024973244","-1.516345024973244","-1.761272588206784","-1.761272588206784","-1.761272588206784","-1.0021121743123644","-1.0021121743123644","-1.0021121743123644","-1.8794517760399043","-1.8794517760399043","-1.8794517760399043","-2.1448977711226442","-2.1448977711226442","-2.1448977711226442","-1.2029069367589813","-1.2029069367589813","-1.2029069367589813"
"32000","-1.2059813797806491","-1.2059813797806491","-1.2059813797806491","-1.0292544246751165","-1.0292544246751165","-1.0292544246751165","-0.9661210051076283","-0.9661210051076283","-0.9661210051076283","-1.3833589244036089","-1.3833589244036089","-1.3833589244036089","-0.9399607119754224","-0.9399607119754224","-0.9399607119754224","-1.821897363514126","-1.821897363514126","-1.821897363514126","-1.2499083085263263","-1.2499083085263263","-1.2499083085263263","-1.5361541631494304","-1.5361541631494304","-1.5361541631494304","-1.357786814252854","-1.357786814252854","-1.357786814252854","-0.8128890692189499","-0.8128890692189499","-0.8128890692189499","-1.4515305132127945","-1.4515305132127945","-1.4515305132127945","-1.618768020912404","-1.618768020912404","-1.618768020912404","-1.2098246478003893","-1.2098246478003893","-1.2098246478003893","-1.1717529985571624","-1.1717529985571624","-1.1717529985571624","-1.4389161483958595","-1.4389161483958595","-1.4389161483958595","-2.575170455636394","-2.575170455636394","-2.575170455636394","-0.7228915247941635","-0.7228915247941635","-0.7228915247941635","-1.454235233571481","-1.454235233571481","-1.454235233571481","-2.568663419323422","-2.568663419323422","-2.568663419323422","-1.3330734426039408","-1.3330734426039408","-1.3330734426039408"
"32500","-1.227475431079116","-1.227475431079116","-1.227475431079116","-1.074429159894616","-1.074429159894616","-1.074429159894616","-0.9938172703789176","-0.9938172703789176","-0.9938172703789176","-1.497368260620257","-1.497368260620257","-1.497368260620257","-0.9905038537833383","-0.9905038537833383","-0.9905038537833383","-1.455451038930875","-1.455451038930875","-1.455451038930875","-1.6600880327720007","-1.6600880327720007","-1.6600880327720007","-1.2750113535724377","-1.2750113535724377","-1.2750113535724377","-0.9071084250221728","-0.9071084250221728","-0.9071084250221728","-0.8497862995997277","-0.8497862995997277","-0.8497862995997277","-1.7106276218676082","-1.7106276218676082","-1.7106276218676082","-1.8785889712362347","-1.8785889712362347","-1.8785889712362347","-1.2832370680636354","-1.2832370680636354","-1.2832370680636354","-1.4610034672459575","-1.4610034672459575","-1.4610034672459575","-1.2633404671960513","-1.2633404671960513","-1.2633404671960513","-2.241828356089133","-2.241828356089133","-2.241828356089133","-1.1412058964600937","-1.1412058964600937","-1.1412058964600937","-1.7038472973138283","-1.7038472973138283","-1.7038472973138283","-1.6857487093860837","-1.6857487093860837","-1.6857487093860837","-1.6023998990513768","-1.6023998990513768","-1.6023998990513768"
"33000","-1.1419514388453789","-1.1419514388453789","-1.1419514388453789","-0.7654056413561756","-0.7654056413561756","-0.7654056413561756","-1.0174427575129505","-1.0174427575129505","-1.0174427575129505","-1.2939002800324857","-1.2939002800324857","-1.2939002800324857","-0.8108625300081009","-0.8108625300081009","-0.8108625300081009","-0.985799587298343","-0.985799587298343","-0.985799587298343","-1.5760976385683754","-1.5760976385683754","-1.5760976385683754","-1.0782031786304307","-1.0782031786304307","-1.0782031786304307","-1.50617728148455","-1.50617728148455","-1.50617728148455","-1.110031323059051","-1.110031323059051","-1.110031323059051","-1.2820887886474774","-1.2820887886474774","-1.2820887886474774","-1.4894011627102732","-1.4894011627102732","-1.4894011627102732","-1.2586980329563606","-1.2586980329563606","-1.2586980329563606","-1.8392248518470518","-1.8392248518470518","-1.8392248518470518","-2.113646479647225","-2.113646479647225","-2.113646479647225","-1.9146595150661199","-1.9146595150661199","-1.9146595150661199","-0.8421930649964219","-0.8421930649964219","-0.8421930649964219","-1.3265997901223234","-1.3265997901223234","-1.3265997901223234","-3.908765842443338","-3.908765842443338","-3.908765842443338","-1.4989868982851462","-1.4989868982851462","-1.4989868982851462"
"33500","-1.2599605473402284","-1.2599605473402284","-1.2599605473402284","-1.0125326378771704","-1.0125326378771704","-1.0125326378771704","-1.3081907868879974","-1.3081907868879974","-1.3081907868879974","-1.2538611767606178","-1.2538611767606178","-1.2538611767606178","-0.7376200259872887","-0.7376200259872887","-0.7376200259872887","-1.0703035021906762","-1.0703035021906762","-1.0703035021906762","-1.0318555763915436","-1.0318555763915436","-1.0318555763915436","-1.2777759983429182","-1.2777759983429182","-1.2777759983429182","-1.2109698451852071","-1.2109698451852071","-1.2109698451852071","-0.9591206260043241","-0.9591206260043241","-0.9591206260043241","-1.5167786775512602","-1.5167786775512602","-1.5167786775512602","-1.3314408173045276","-1.3314408173045276","-1.3314408173045276","-1.0425453443928614","-1.0425453443928614","-1.0425453443928614","-1.2034807091400141","-1.2034807091400141","-1.2034807091400141","-1.2712013474559256","-1.2712013474559256","-1.2712013474559256","-1.8841728330211454","-1.8841728330211454","-1.8841728330211454","-0.7135062272513999","-0.7135062272513999","-0.7135062272513999","-1.8511194973937002","-1.8511194973937002","-1.8511194973937002","-1.7131314729198095","-1.7131314729198095","-1.7131314729198095","-1.2081001904628628","-1.2081001904628628","-1.2081001904628628"
"34000","-0.9772617747476774","-0.9772617747476774","-0.9772617747476774","-1.3364404388218998","-1.3364404388218998","-1.3364404388218998","-1.3605058120625224","-1.3605058120625224","-1.3605058120625224","-1.320531250073264","-1.320531250073264","-1.320531250073264","-0.8014897284324537","-0.8014897284324537","-0.8014897284324537","-1.376047692306833","-1.376047692306833","-1.376047692306833","-0.8633779457205367","-0.8633779457205367","-0.8633779457205367","-0.9462577261429759","-0.9462577261429759","-0.9462577261429759","-2.0164620617768234","-2.0164620617768234","-2.0164620617768234","-1.2718856621502914","-1.2718856621502914","-1.2718856621502914","-1.1789773226566205","-1.1789773226566205","-1.1789773226566205","-1.5345410537270492","-1.5345410537270492","-1.5345410537270492","-1.0298898341332905","-1.0298898341332905","-1.0298898341332905","-1.5140863249701366","-1.5140863249701366","-1.5140863249701366","-1.5361876045087308","-1.5361876045087308","-1.5361876045087308","-1.793393894471309","-1.793393894471309","-1.793393894471309","-0.9176140419364524","-0.9176140419364524","-0.9176140419364524","-2.4727603623267886","-2.4727603623267886","-2.4727603623267886","-1.658056684527152","-1.658056684527152","-1.658056684527152","-1.2140531394684708","-1.2140531394684708","-1.2140531394684708"
"34500","-1.1153937530483127","-1.1153937530483127","-1.1153937530483127","-1.1044889902306871","-1.1044889902306871","-1.1044889902306871","-1.0580696053602028","-1.0580696053602028","-1.0580696053602028","-1.3375850410235488","-1.3375850410235488","-1.3375850410235488","-0.9673284347213139","-0.9673284347213139","-0.9673284347213139","-1.204726914571192","-1.204726914571192","-1.204726914571192","-1.5751855776685455","-1.5751855776685455","-1.5751855776685455","-1.1533889097269954","-1.1533889097269954","-1.1533889097269954","-1.191005304359632","-1.191005304359632","-1.191005304359632","-1.0035872879301062","-1.0035872879301062","-1.0035872879301062","-1.152253090098696","-1.152253090098696","-1.152253090098696","-1.1788622436738252","-1.1788622436738252","-1.1788622436738252","-1.4949750462881404","-1.4949750462881404","-1.4949750462881404","-1.2727665430620374","-1.2727665430620374","-1.2727665430620374","-1.3119663895586917","-1.3119663895586917","-1.3119663895586917","-1.65708937896291","-1.65708937896291","-1.65708937896291","-0.6593891019873117","-0.6593891019873117","-0.6593891019873117","-1.3926470059812164","-1.3926470059812164","-1.3926470059812164","-1.5037296447023702","-1.5037296447023702","-1.5037296447023702","-1.3540344461929306","-1.3540344461929306","-1.3540344461929306"
"35000","-1.3551067707176774","-1.3551067707176774","-1.3551067707176774","-0.9244558653795792","-0.9244558653795792","-0.9244558653795792","-1.316472949230448","-1.316472949230448","-1.316472949230448","-1.3175402334403326","-1.3175402334403326","-1.3175402334403326","-0.6343305612639869","-0.6343305612639869","-0.6343305612639869","-1.1155666883678501","-1.1155666883678501","-1.1155666883678501","-1.1702334454370746","-1.1702334454370746","-1.1702334454370746","-1.0436563270778785","-1.0436563270778785","-1.0436563270778785","-1.0477076753324988","-1.0477076753324988","-1.0477076753324988","-0.9874800229380354","-0.9874800229380354","-0.9874800229380354","-1.3473713947153294","-1.3473713947153294","-1.3473713947153294","-1.3332542499138478","-1.3332542499138478","-1.3332542499138478","-1.6434318502119063","-1.6434318502119063","-1.6434318502119063","-1.338779096323531","-1.338779096323531","-1.338779096323531","-1.1211748896689175","-1.1211748896689175","-1.1211748896689175","-2.2647555679591465","-2.2647555679591465","-2.2647555679591465","-0.9496430160248922","-0.9496430160248922","-0.9496430160248922","-2.364054483264582","-2.364054483264582","-2.364054483264582","-1.7203435309660402","-1.7203435309660402","-1.7203435309660402","-1.2388594330352598","-1.2388594330352598","-1.2388594330352598"
"35500","-0.8940350797765617","-0.8940350797765617","-0.8940350797765617","-1.7356313232671412","-1.7356313232671412","-1.7356313232671412","-1.3233440971152624","-1.3233440971152624","-1.3233440971152624","-1.261858244058765","-1.261858244058765","-1.261858244058765","-0.9647081813693947","-0.9647081813693947","-0.9647081813693947","-1.2601218916613877","-1.2601218916613877","-1.2601218916613877","-0.9506706507403996","-0.9506706507403996","-0.9506706507403996","-1.039597074602484","-1.039597074602484","-1.039597074602484","-0.9058662729530524","-0.9058662729530524","-0.9058662729530524","-1.0153229912070008","-1.0153229912070008","-1.0153229912070008","-1.159135200526055","-1.159135200526055","-1.159135200526055","-1.1986729551890138","-1.1986729551890138","-1.1986729551890138","-0.8320549384868906","-0.8320549384868906","-0.8320549384868906","-1.0296958919314123","-1.0296958919314123","-1.0296958919314123","-1.5558865839271676","-1.5558865839271676","-1.5558865839271676","-1.6160033785575165","-1.6160033785575165","-1.6160033785575165","-0.8065006802285151","-0.8065006802285151","-0.8065006802285151","-1.982019734372224","-1.982019734372224","-1.982019734372224","-2.544841764289919","-2.544841764289919","-2.544841764289919","-1.3324795778336354","-1.3324795778336354","-1.3324795778336354"
"36000","-1.3520101136866054","-1.3520101136866054","-1.3520101136866054","-1.260672934425275","-1.260672934425275","-1.260672934425275","-1.0623930576598626","-1.0623930576598626","-1.0623930576598626","-1.245057955392018","-1.245057955392018","-1.245057955392018","-0.8084275722818196","-0.8084275722818196","-0.8084275722818196","-1.0667561181561513","-1.0667561181561513","-1.0667561181561513","-1.0864724739252196","-1.0864724739252196","-1.0864724739252196","-1.3545435490503084","-1.3545435490503084","-1.3545435490503084","-1.2030881558418118","-1.2030881558418118","-1.2030881558418118","-0.792480824345232","-0.792480824345232","-0.792480824345232","-1.4114884991804104","-1.4114884991804104","-1.4114884991804104","-1.0929295435722879","-1.0929295435722879","-1.0929295435722879","-0.9448427063833668","-0.9448427063833668","-0.9448427063833668","-1.4512749339422577","-1.4512749339422577","-1.4512749339422577","-1.1059408485852984","-1.1059408485852984","-1.1059408485852984","-1.9619591790500253","-1.9619591790500253","-1.9619591790500253","-0.9425839948490818","-0.9425839948490818","-0.9425839948490818","-1.6145692561175025","-1.6145692561175025","-1.6145692561175025","-1.6151958855508717","-1.6151958855508717","-1.6151958855508717","-0.9930642876926182","-0.9930642876926182","-0.9930642876926182"
"36500","-1.1199028950497911","-1.1199028950497911","-1.1199028950497911","-1.195640178489911","-1.195640178489911","-1.195640178489911","-1.0381584376768394","-1.0381584376768394","-1.0381584376768394","-1.215781726662577","-1.215781726662577","-1.215781726662577","-0.9932885598180695","-0.9932885598180695","-0.9932885598180695","-1.1096779688073979","-1.1096779688073979","-1.1096779688073979","-1.006630398279899","-1.006630398279899","-1.006630398279899","-1.1270541292725524","-1.1270541292725524","-1.1270541292725524","-1.132878343709065","-1.132878343709065","-1.132878343709065","-1.2190519259228922","-1.2190519259228922","-1.2190519259228922","-1.3629653834267992","-1.3629653834267992","-1.3629653834267992","-1.4756258446245578","-1.4756258446245578","-1.4756258446245578","-0.9511569430288137","-0.9511569430288137","-0.9511569430288137","-1.3751953737243858","-1.3751953737243858","-1.3751953737243858","-1.1440215816098647","-1.1440215816098647","-1.1440215816098647","-1.969811212180911","-1.969811212180911","-1.969811212180911","-0.8284221482757275","-0.8284221482757275","-0.8284221482757275","-2.177488221771103","-2.177488221771103","-2.177488221771103","-1.5603554374658608","-1.5603554374658608","-1.5603554374658608","-1.42130349797116","-1.42130349797116","-1.42130349797116"
"37000","-0.9390659403411938","-0.9390659403411938","-0.9390659403411938","-1.4619537365128008","-1.4619537365128008","-1.4619537365128008","-1.2487128197018376","-1.2487128197018376","-1.2487128197018376","-1.196808056700146","-1.196808056700146","-1.196808056700146","-0.9247395613826569","-0.9247395613826569","-0.9247395613826569","-1.275420405290561","-1.275420405290561","-1.275420405290561","-1.0792060092552551","-1.0792060092552551","-1.0792060092552551","-0.933759609726885","-0.933759609726885","-0.933759609726885","-1.4810803781121085","-1.4810803781121085","-1.4810803781121085","-0.7186307719246745","-0.7186307719246745","-0.7186307719246745","-1.3092414448077818","-1.3092414448077818","-1.3092414448077818","-1.369266405329625","-1.369266405329625","-1.369266405329625","-0.9068087350064882","-0.9068087350064882","-0.9068087350064882","-1.1784815723777002","-1.1784815723777002","-1.1784815723777002","-1.2645682801351286","-1.2645682801351286","-1.2645682801351286","-1.8782994191545606","-1.8782994191545606","-1.8782994191545606","-0.8018352101223762","-0.8018352101223762","-0.8018352101223762","-1.659308167609493","-1.659308167609493","-1.659308167609493","-1.9023165303292964","-1.9023165303292964","-1.9023165303292964","-1.1817222692862706","-1.1817222692862706","-1.1817222692862706"
"37500","-0.8958324237186446","-0.8958324237186446","-0.8958324237186446","-1.9491083149264063","-1.9491083149264063","-1.9491083149264063","-1.457140769529422","-1.457140769529422","-1.457140769529422","-1.293262489423119","-1.293262489423119","-1.293262489423119","-0.9292571928114615","-0.9292571928114615","-0.9292571928114615","-1.3283885158573643","-1.3283885158573643","-1.3283885158573643","-1.0749212996268864","-1.0749212996268864","-1.0749212996268864","-1.254225728131914","-1.254225728131914","-1.254225728131914","-0.9786023307567193","-0.9786023307567193","-0.9786023307567193","-1.1946921387144025","-1.1946921387144025","-1.1946921387144025","-1.3730962416139934","-1.3730962416139934","-1.3730962416139934","-1.6699847138811337","-1.6699847138811337","-1.6699847138811337","-1.1244136032116123","-1.1244136032116123","-1.1244136032116123","-1.1448720854754257","-1.1448720854754257","-1.1448720854754257","-1.0566679766885083","-1.0566679766885083","-1.0566679766885083","-1.6142783767155233","-1.6142783767155233","-1.6142783767155233","-1.224425976229655","-1.224425976229655","-1.224425976229655","-2.4292201221193253","-2.4292201221193253","-2.4292201221193253","-1.3685401044974257","-1.3685401044974257","-1.3685401044974257","-1.37713992926485","-1.37713992926485","-1.37713992926485"
"38000","-1.024674932569965","-1.024674932569965","-1.024674932569965","-1.9671314748331614","-1.9671314748331614","-1.9671314748331614","-1.3528784183303313","-1.3528784183303313","-1.3528784183303313","-1.2794753518208002","-1.2794753518208002","-1.2794753518208002","-0.8863102427340992","-0.8863102427340992","-0.8863102427340992","-1.0576512612024604","-1.0576512612024604","-1.0576512612024604","-0.9255581047438686","-0.9255581047438686","-0.9255581047438686","-0.9428495715933753","-0.9428495715933753","-0.9428495715933753","-1.2506592984755074","-1.2506592984755074","-1.2506592984755074","-0.7533224148417905","-0.7533224148417905","-0.7533224148417905","-1.1970000526388904","-1.1970000526388904","-1.1970000526388904","-1.2457240035150972","-1.2457240035150972","-1.2457240035150972","-0.6471837942044298","-0.6471837942044298","-0.6471837942044298","-1.1784056011518935","-1.1784056011518935","-1.1784056011518935","-1.1185909410187869","-1.1185909410187869","-1.1185909410187869","-1.655288919002814","-1.655288919002814","-1.655288919002814","-0.8599553012667649","-0.8599553012667649","-0.8599553012667649","-1.7628452152582768","-1.7628452152582768","-1.7628452152582768","-1.4290424845330543","-1.4290424845330543","-1.4290424845330543","-1.1584038932851954","-1.1584038932851954","-1.1584038932851954"
"38500","-0.933869191641295","-0.933869191641295","-0.933869191641295","-1.8950620523581534","-1.8950620523581534","-1.8950620523581534","-1.463520601483071","-1.463520601483071","-1.463520601483071","-1.2061944192499656","-1.2061944192499656","-1.2061944192499656","-0.9027161804625091","-0.9027161804625091","-0.9027161804625091","-1.0652407917745441","-1.0652407917745441","-1.0652407917745441","-0.8769283838432653","-0.8769283838432653","-0.8769283838432653","-1.2762045569429685","-1.2762045569429685","-1.2762045569429685","-0.9849294651405847","-0.9849294651405847","-0.9849294651405847","-0.9623333371620918","-0.9623333371620918","-0.9623333371620918","-0.9919551588843152","-0.9919551588843152","-0.9919551588843152","-1.440121045197627","-1.440121045197627","-1.440121045197627","-0.6979915100284233","-0.6979915100284233","-0.6979915100284233","-0.9839443153870923","-0.9839443153870923","-0.9839443153870923","-1.4132579679172248","-1.4132579679172248","-1.4132579679172248","-1.7968251130863042","-1.7968251130863042","-1.7968251130863042","-0.786082155183842","-0.786082155183842","-0.786082155183842","-1.9163978709789642","-1.9163978709789642","-1.9163978709789642","-1.4282978074548036","-1.4282978074548036","-1.4282978074548036","-1.0822246917118605","-1.0822246917118605","-1.0822246917118605"
"39000","-1.0876602400686575","-1.0876602400686575","-1.0876602400686575","-2.139602406815148","-2.139602406815148","-2.139602406815148","-1.2750470271362775","-1.2750470271362775","-1.2750470271362775","-1.217773094092319","-1.217773094092319","-1.217773094092319","-0.8433186719250637","-0.8433186719250637","-0.8433186719250637","-1.2761077751015564","-1.2761077751015564","-1.2761077751015564","-1.0008130810791342","-1.0008130810791342","-1.0008130810791342","-1.077723941200163","-1.077723941200163","-1.077723941200163","-1.0126039055468046","-1.0126039055468046","-1.0126039055468046","-1.0793777240287408","-1.0793777240287408","-1.0793777240287408","-1.5060299055405753","-1.5060299055405753","-1.5060299055405753","-1.4711328880488599","-1.4711328880488599","-1.4711328880488599","-0.8145878373347184","-0.8145878373347184","-0.8145878373347184","-1.623346117346388","-1.623346117346388","-1.623346117346388","-1.0775829381007938","-1.0775829381007938","-1.0775829381007938","-1.3702823558234176","-1.3702823558234176","-1.3702823558234176","-0.7324231559407526","-0.7324231559407526","-0.7324231559407526","-1.3839768036229867","-1.3839768036229867","-1.3839768036229867","-1.500144594175918","-1.500144594175918","-1.500144594175918","-1.097694298430636","-1.097694298430636","-1.097694298430636"
"39500","-1.0809947442343022","-1.0809947442343022","-1.0809947442343022","-1.0565878866578307","-1.0565878866578307","-1.0565878866578307","-1.2000060162201442","-1.2000060162201442","-1.2000060162201442","-1.6233733885919286","-1.6233733885919286","-1.6233733885919286","-0.8714860055853542","-0.8714860055853542","-0.8714860055853542","-1.2917342423592697","-1.2917342423592697","-1.2917342423592697","-1.0712398582783444","-1.0712398582783444","-1.0712398582783444","-1.3011012682920586","-1.3011012682920586","-1.3011012682920586","-0.8432619723763018","-0.8432619723763018","-0.8432619723763018","-0.9488663919960458","-0.9488663919960458","-0.9488663919960458","-1.0157869904462642","-1.0157869904462642","-1.0157869904462642","-1.3148742087495844","-1.3148742087495844","-1.3148742087495844","-0.7638276541241753","-0.7638276541241753","-0.7638276541241753","-1.1093039500469266","-1.1093039500469266","-1.1093039500469266","-1.049205572413338","-1.049205572413338","-1.049205572413338","-1.5024898168151968","-1.5024898168151968","-1.5024898168151968","-0.7636091083809021","-0.7636091083809021","-0.7636091083809021","-1.3495326996881518","-1.3495326996881518","-1.3495326996881518","-1.3607683855953918","-1.3607683855953918","-1.3607683855953918","-1.036704902480849","-1.036704902480849","-1.036704902480849"
"40000","-1.2928649219110073","-1.2928649219110073","-1.2928649219110073","-1.6151051760138209","-1.6151051760138209","-1.6151051760138209","-1.1811556750048946","-1.1811556750048946","-1.1811556750048946","-1.1733666032603707","-1.1733666032603707","-1.1733666032603707","-0.6348517523298124","-0.6348517523298124","-0.6348517523298124","-1.178486167676426","-1.178486167676426","-1.178486167676426","-1.077830916967224","-1.077830916967224","-1.077830916967224","-1.2082302769230344","-1.2082302769230344","-1.2082302769230344","-0.7969130144038685","-0.7969130144038685","-0.7969130144038685","-1.0145658199450196","-1.0145658199450196","-1.0145658199450196","-1.4304686077281255","-1.4304686077281255","-1.4304686077281255","-1.2670049379687995","-1.2670049379687995","-1.2670049379687995","-1.04565866912422","-1.04565866912422","-1.04565866912422","-1.1008976325955573","-1.1008976325955573","-1.1008976325955573","-0.9952113495244816","-0.9952113495244816","-0.9952113495244816","-1.520519996350512","-1.520519996350512","-1.520519996350512","-0.687511235583047","-0.687511235583047","-0.687511235583047","-1.2241510043612287","-1.2241510043612287","-1.2241510043612287","-1.2733338811069301","-1.2733338811069301","-1.2733338811069301","-1.0382429589517816","-1.0382429589517816","-1.0382429589517816"
"40500","-0.8360965963992866","-0.8360965963992866","-0.8360965963992866","-1.5174968284076984","-1.5174968284076984","-1.5174968284076984","-1.1210344980010367","-1.1210344980010367","-1.1210344980010367","-1.213822498321053","-1.213822498321053","-1.213822498321053","-0.9992934245705085","-0.9992934245705085","-0.9992934245705085","-0.970409688856423","-0.970409688856423","-0.970409688856423","-1.0907808280355706","-1.0907808280355706","-1.0907808280355706","-1.290575410801346","-1.290575410801346","-1.290575410801346","-0.9835780767747849","-0.9835780767747849","-0.9835780767747849","-1.0643209233864555","-1.0643209233864555","-1.0643209233864555","-1.180627157424956","-1.180627157424956","-1.180627157424956","-1.1593867775102011","-1.1593867775102011","-1.1593867775102011","-0.8836749021617649","-0.8836749021617649","-0.8836749021617649","-1.7556153040485334","-1.7556153040485334","-1.7556153040485334","-0.9756650083896098","-0.9756650083896098","-0.9756650083896098","-1.7224487406663052","-1.7224487406663052","-1.7224487406663052","-0.7002188672574798","-0.7002188672574798","-0.7002188672574798","-1.461378864530531","-1.461378864530531","-1.461378864530531","-1.4576365004039649","-1.4576365004039649","-1.4576365004039649","-1.2396175497207849","-1.2396175497207849","-1.2396175497207849"
"41000","-1.689190366333652","-1.689190366333652","-1.689190366333652","-1.7463452789121205","-1.7463452789121205","-1.7463452789121205","-1.007826280162362","-1.007826280162362","-1.007826280162362","-1.54878376066265","-1.54878376066265","-1.54878376066265","-0.6692678424276979","-0.6692678424276979","-0.6692678424276979","-1.1423881855639084","-1.1423881855639084","-1.1423881855639084","-1.0960930121640928","-1.0960930121640928","-1.0960930121640928","-1.2824632371759481","-1.2824632371759481","-1.2824632371759481","-1.0198558793904602","-1.0198558793904602","-1.0198558793904602","-0.7616078567984553","-0.7616078567984553","-0.7616078567984553","-1.0590628601890144","-1.0590628601890144","-1.0590628601890144","-1.3344437020089273","-1.3344437020089273","-1.3344437020089273","-0.7595479989197038","-0.7595479989197038","-0.7595479989197038","-1.2062682363855077","-1.2062682363855077","-1.2062682363855077","-0.9954240170217539","-0.9954240170217539","-0.9954240170217539","-1.4302815128578414","-1.4302815128578414","-1.4302815128578414","-0.6499272947625411","-0.6499272947625411","-0.6499272947625411","-1.4279920850019627","-1.4279920850019627","-1.4279920850019627","-1.3934152573151848","-1.3934152573151848","-1.3934152573151848","-1.1744940723114907","-1.1744940723114907","-1.1744940723114907"
"41500","-0.9133830667972214","-0.9133830667972214","-0.9133830667972214","-1.527021055714863","-1.527021055714863","-1.527021055714863","-1.4040616326213566","-1.4040616326213566","-1.4040616326213566","-1.132390369395224","-1.132390369395224","-1.132390369395224","-0.9885720678639505","-0.9885720678639505","-0.9885720678639505","-1.2049124211040614","-1.2049124211040614","-1.2049124211040614","-0.8222134163205105","-0.8222134163205105","-0.8222134163205105","-1.469971428227472","-1.469971428227472","-1.469971428227472","-1.13754986074516","-1.13754986074516","-1.13754986074516","-1.2306465228206687","-1.2306465228206687","-1.2306465228206687","-1.122050487072882","-1.122050487072882","-1.122050487072882","-1.3721826688739795","-1.3721826688739795","-1.3721826688739795","-0.893507346414961","-0.893507346414961","-0.893507346414961","-1.278989628198395","-1.278989628198395","-1.278989628198395","-1.1257003853589733","-1.1257003853589733","-1.1257003853589733","-1.3104217915315244","-1.3104217915315244","-1.3104217915315244","-0.7326417806969489","-0.7326417806969489","-0.7326417806969489","-1.4210785590139783","-1.4210785590139783","-1.4210785590139783","-1.4117220820587506","-1.4117220820587506","-1.4117220820587506","-1.1082537405006214","-1.1082537405006214","-1.1082537405006214"
"42000","-0.8219625370232413","-0.8219625370232413","-0.8219625370232413","-1.1268049552934571","-1.1268049552934571","-1.1268049552934571","-1.0252979339843469","-1.0252979339843469","-1.0252979339843469","-1.1313079804670458","-1.1313079804670458","-1.1313079804670458","-0.8045972504453841","-0.8045972504453841","-0.8045972504453841","-1.3665823429769912","-1.3665823429769912","-1.3665823429769912","-0.9346658334403573","-0.9346658334403573","-0.9346658334403573","-1.3557958522694578","-1.3557958522694578","-1.3557958522694578","-1.011167135835072","-1.011167135835072","-1.011167135835072","-0.7120099365200201","-0.7120099365200201","-0.7120099365200201","-1.117389856780519","-1.117389856780519","-1.117389856780519","-1.6069047617391863","-1.6069047617391863","-1.6069047617391863","-0.8741777369955518","-0.8741777369955518","-0.8741777369955518","-1.113696576088605","-1.113696576088605","-1.113696576088605","-1.019127295381574","-1.019127295381574","-1.019127295381574","-1.7205909252353089","-1.7205909252353089","-1.7205909252353089","-0.6367572626652644","-0.6367572626652644","-0.6367572626652644","-1.2825705820670221","-1.2825705820670221","-1.2825705820670221","-1.5104111937155493","-1.5104111937155493","-1.5104111937155493","-1.0573707589050443","-1.0573707589050443","-1.0573707589050443"
"42500","-1.3818980428799486","-1.3818980428799486","-1.3818980428799486","-0.789511857766068","-0.789511857766068","-0.789511857766068","-1.0255055334563932","-1.0255055334563932","-1.0255055334563932","-1.103193751309198","-1.103193751309198","-1.103193751309198","-0.8017140502214609","-0.8017140502214609","-0.8017140502214609","-1.1401116573290648","-1.1401116573290648","-1.1401116573290648","-1.0439996341513589","-1.0439996341513589","-1.0439996341513589","-1.4067697925719735","-1.4067697925719735","-1.4067697925719735","-1.2430795133724197","-1.2430795133724197","-1.2430795133724197","-0.9755085012597853","-0.9755085012597853","-0.9755085012597853","-1.3438620036350755","-1.3438620036350755","-1.3438620036350755","-1.1683723242799349","-1.1683723242799349","-1.1683723242799349","-1.0406062413236548","-1.0406062413236548","-1.0406062413236548","-1.622991506925952","-1.622991506925952","-1.622991506925952","-1.3186373788557249","-1.3186373788557249","-1.3186373788557249","-1.4556175604159105","-1.4556175604159105","-1.4556175604159105","-0.5370088453456676","-0.5370088453456676","-0.5370088453456676","-1.57504888520908","-1.57504888520908","-1.57504888520908","-1.4062015980168614","-1.4062015980168614","-1.4062015980168614","-1.0121330496824685","-1.0121330496824685","-1.0121330496824685"
"43000","-1.568208448568084","-1.568208448568084","-1.568208448568084","-0.9553472610786041","-0.9553472610786041","-0.9553472610786041","-1.0451134457151086","-1.0451134457151086","-1.0451134457151086","-1.1316602588675075","-1.1316602588675075","-1.1316602588675075","-0.5959813233992785","-0.5959813233992785","-0.5959813233992785","-1.1300438727142157","-1.1300438727142157","-1.1300438727142157","-0.8737276229526019","-0.8737276229526019","-0.8737276229526019","-1.224991523993964","-1.224991523993964","-1.224991523993964","-1.2460114313505462","-1.2460114313505462","-1.2460114313505462","-1.0472406573067652","-1.0472406573067652","-1.0472406573067652","-1.3675772044627013","-1.3675772044627013","-1.3675772044627013","-1.3139271519045563","-1.3139271519045563","-1.3139271519045563","-0.7673864536252936","-0.7673864536252936","-0.7673864536252936","-1.5436364400714842","-1.5436364400714842","-1.5436364400714842","-1.233388458196751","-1.233388458196751","-1.233388458196751","-1.461359551121291","-1.461359551121291","-1.461359551121291","-0.6222509912830423","-0.6222509912830423","-0.6222509912830423","-1.4084209333424487","-1.4084209333424487","-1.4084209333424487","-1.3831992810532363","-1.3831992810532363","-1.3831992810532363","-1.0757896946739192","-1.0757896946739192","-1.0757896946739192"
"43500","-1.1117902681731615","-1.1117902681731615","-1.1117902681731615","-0.8399676875231231","-0.8399676875231231","-0.8399676875231231","-0.9979558889437371","-0.9979558889437371","-0.9979558889437371","-1.1114313192695413","-1.1114313192695413","-1.1114313192695413","-0.7122063414747352","-0.7122063414747352","-0.7122063414747352","-1.0822869615821664","-1.0822869615821664","-1.0822869615821664","-0.8710042318456888","-0.8710042318456888","-0.8710042318456888","-1.3529154763972049","-1.3529154763972049","-1.3529154763972049","-1.14150777730172","-1.14150777730172","-1.14150777730172","-1.0732484886277407","-1.0732484886277407","-1.0732484886277407","-1.3864323479761074","-1.3864323479761074","-1.3864323479761074","-1.5489841101602995","-1.5489841101602995","-1.5489841101602995","-0.926209492713788","-0.926209492713788","-0.926209492713788","-1.4187322683807737","-1.4187322683807737","-1.4187322683807737","-1.1985538727223402","-1.1985538727223402","-1.1985538727223402","-1.8018096625407882","-1.8018096625407882","-1.8018096625407882","-0.5747385054624674","-0.5747385054624674","-0.5747385054624674","-1.4350834367820657","-1.4350834367820657","-1.4350834367820657","-1.3951196089824451","-1.3951196089824451","-1.3951196089824451","-1.0669194904204296","-1.0669194904204296","-1.0669194904204296"
"44000","-1.5759186241364511","-1.5759186241364511","-1.5759186241364511","-0.9930733123111619","-0.9930733123111619","-0.9930733123111619","-1.040199753628216","-1.040199753628216","-1.040199753628216","-1.200606735119127","-1.200606735119127","-1.200606735119127","-0.6897300107635178","-0.6897300107635178","-0.6897300107635178","-1.2207115410490692","-1.2207115410490692","-1.2207115410490692","-0.8146579539819172","-0.8146579539819172","-0.8146579539819172","-0.9778956481520702","-0.9778956481520702","-0.9778956481520702","-1.1772037689653616","-1.1772037689653616","-1.1772037689653616","-1.1079281154226508","-1.1079281154226508","-1.1079281154226508","-1.2317813385915481","-1.2317813385915481","-1.2317813385915481","-1.2973870932816216","-1.2973870932816216","-1.2973870932816216","-0.8439626372066978","-0.8439626372066978","-0.8439626372066978","-1.1377020282590984","-1.1377020282590984","-1.1377020282590984","-0.9983770391759661","-0.9983770391759661","-0.9983770391759661","-1.4403967397538526","-1.4403967397538526","-1.4403967397538526","-0.7079826031529223","-0.7079826031529223","-0.7079826031529223","-1.389730319116239","-1.389730319116239","-1.389730319116239","-1.3993101567184638","-1.3993101567184638","-1.3993101567184638","-1.0722460889082446","-1.0722460889082446","-1.0722460889082446"
"44500","-1.3354486250685453","-1.3354486250685453","-1.3354486250685453","-0.8691027674487041","-0.8691027674487041","-0.8691027674487041","-1.040763224065426","-1.040763224065426","-1.040763224065426","-1.109395440461638","-1.109395440461638","-1.109395440461638","-0.6063914317662606","-0.6063914317662606","-0.6063914317662606","-1.1211279983959235","-1.1211279983959235","-1.1211279983959235","-0.8975782809273104","-0.8975782809273104","-0.8975782809273104","-1.1112751352381083","-1.1112751352381083","-1.1112751352381083","-1.0539339742247757","-1.0539339742247757","-1.0539339742247757","-0.984442771206582","-0.984442771206582","-0.984442771206582","-1.2700865134697827","-1.2700865134697827","-1.2700865134697827","-1.4432065054724468","-1.4432065054724468","-1.4432065054724468","-0.6795810176922271","-0.6795810176922271","-0.6795810176922271","-1.058453441619495","-1.058453441619495","-1.058453441619495","-1.1406572003798967","-1.1406572003798967","-1.1406572003798967","-1.4254844863383496","-1.4254844863383496","-1.4254844863383496","-0.6300381647284242","-0.6300381647284242","-0.6300381647284242","-1.4899990855007328","-1.4899990855007328","-1.4899990855007328","-1.4207520210879665","-1.4207520210879665","-1.4207520210879665","-1.0785728451386618","-1.0785728451386618","-1.0785728451386618"
"45000","-1.1039446229019108","-1.1039446229019108","-1.1039446229019108","-0.9782523299962367","-0.9782523299962367","-0.9782523299962367","-1.045044333038518","-1.045044333038518","-1.045044333038518","-1.2016597566703482","-1.2016597566703482","-1.2016597566703482","-0.6131465212325012","-0.6131465212325012","-0.6131465212325012","-1.0103041913424247","-1.0103041913424247","-1.0103041913424247","-0.9058368637586774","-0.9058368637586774","-0.9058368637586774","-0.8178971260959831","-0.8178971260959831","-0.8178971260959831","-1.1046306052478745","-1.1046306052478745","-1.1046306052478745","-1.019866258910408","-1.019866258910408","-1.019866258910408","-1.2515401733718385","-1.2515401733718385","-1.2515401733718385","-1.3284413838420295","-1.3284413838420295","-1.3284413838420295","-0.7036885320908159","-0.7036885320908159","-0.7036885320908159","-1.00047709968061","-1.00047709968061","-1.00047709968061","-1.1089351076952207","-1.1089351076952207","-1.1089351076952207","-1.2336128026997788","-1.2336128026997788","-1.2336128026997788","-0.6937082474143179","-0.6937082474143179","-0.6937082474143179","-1.3800039559707382","-1.3800039559707382","-1.3800039559707382","-1.3037111845555915","-1.3037111845555915","-1.3037111845555915","-1.194512610587552","-1.194512610587552","-1.194512610587552"
"45500","-1.4825815425854312","-1.4825815425854312","-1.4825815425854312","-0.8739629143824889","-0.8739629143824889","-0.8739629143824889","-0.8894360602847595","-0.8894360602847595","-0.8894360602847595","-1.1952601453353484","-1.1952601453353484","-1.1952601453353484","-0.7622382281220287","-0.7622382281220287","-0.7622382281220287","-0.9541975190462979","-0.9541975190462979","-0.9541975190462979","-0.9234101590792034","-0.9234101590792034","-0.9234101590792034","-0.9556095076082987","-0.9556095076082987","-0.9556095076082987","-1.0191178556298712","-1.0191178556298712","-1.0191178556298712","-1.0245757704988692","-1.0245757704988692","-1.0245757704988692","-1.0590588254004505","-1.0590588254004505","-1.0590588254004505","-1.3123459081982223","-1.3123459081982223","-1.3123459081982223","-0.6541954706634507","-0.6541954706634507","-0.6541954706634507","-1.108914728178799","-1.108914728178799","-1.108914728178799","-1.2738969604453678","-1.2738969604453678","-1.2738969604453678","-1.371344924993529","-1.371344924993529","-1.371344924993529","-0.6380631073778885","-0.6380631073778885","-0.6380631073778885","-1.376322345571217","-1.376322345571217","-1.376322345571217","-1.5586098179538026","-1.5586098179538026","-1.5586098179538026","-1.227683251089972","-1.227683251089972","-1.227683251089972"
"46000","-1.3171117416212115","-1.3171117416212115","-1.3171117416212115","-0.8835197080525893","-0.8835197080525893","-0.8835197080525893","-0.9602367901497288","-0.9602367901497288","-0.9602367901497288","-1.0786124331789728","-1.0786124331789728","-1.0786124331789728","-0.5893887592803903","-0.5893887592803903","-0.5893887592803903","-1.064551468092147","-1.064551468092147","-1.064551468092147","-0.9375322818155342","-0.9375322818155342","-0.9375322818155342","-0.8378567285198482","-0.8378567285198482","-0.8378567285198482","-0.9012165609565225","-0.9012165609565225","-0.9012165609565225","-0.882707836277168","-0.882707836277168","-0.882707836277168","-1.1843139348976592","-1.1843139348976592","-1.1843139348976592","-1.390847766831958","-1.390847766831958","-1.390847766831958","-0.6717596233772545","-0.6717596233772545","-0.6717596233772545","-1.1722919711911213","-1.1722919711911213","-1.1722919711911213","-1.2432808117741758","-1.2432808117741758","-1.2432808117741758","-1.3759591801816309","-1.3759591801816309","-1.3759591801816309","-0.6876287434202387","-0.6876287434202387","-0.6876287434202387","-1.6846952626940712","-1.6846952626940712","-1.6846952626940712","-1.6177150111911403","-1.6177150111911403","-1.6177150111911403","-1.081060891925799","-1.081060891925799","-1.081060891925799"
"46500","-1.042138576807569","-1.042138576807569","-1.042138576807569","-0.9446383291172464","-0.9446383291172464","-0.9446383291172464","-1.000726669339881","-1.000726669339881","-1.000726669339881","-1.1668540874103106","-1.1668540874103106","-1.1668540874103106","-0.7628442683361507","-0.7628442683361507","-0.7628442683361507","-0.9785364070628721","-0.9785364070628721","-0.9785364070628721","-0.9033266256667989","-0.9033266256667989","-0.9033266256667989","-0.8209420534212064","-0.8209420534212064","-0.8209420534212064","-0.9762033659666318","-0.9762033659666318","-0.9762033659666318","-1.019398440658433","-1.019398440658433","-1.019398440658433","-1.0514913022256172","-1.0514913022256172","-1.0514913022256172","-1.1385785325356426","-1.1385785325356426","-1.1385785325356426","-0.6861411652701686","-0.6861411652701686","-0.6861411652701686","-1.2648188960904843","-1.2648188960904843","-1.2648188960904843","-1.2025437947001056","-1.2025437947001056","-1.2025437947001056","-1.3516647250502143","-1.3516647250502143","-1.3516647250502143","-0.713175161047309","-0.713175161047309","-0.713175161047309","-1.546937829270122","-1.546937829270122","-1.546937829270122","-1.4554818370350064","-1.4554818370350064","-1.4554818370350064","-1.1697058431490235","-1.1697058431490235","-1.1697058431490235"
"47000","-0.9742471574588059","-0.9742471574588059","-0.9742471574588059","-0.9093309332859822","-0.9093309332859822","-0.9093309332859822","-0.9663750771610182","-0.9663750771610182","-0.9663750771610182","-1.3148015310442527","-1.3148015310442527","-1.3148015310442527","-0.6714111934541606","-0.6714111934541606","-0.6714111934541606","-0.9161578556247981","-0.9161578556247981","-0.9161578556247981","-0.8959718122028011","-0.8959718122028011","-0.8959718122028011","-0.9467157020286259","-0.9467157020286259","-0.9467157020286259","-1.2290135955889678","-1.2290135955889678","-1.2290135955889678","-0.8928046387683711","-0.8928046387683711","-0.8928046387683711","-1.0391548047537014","-1.0391548047537014","-1.0391548047537014","-1.305430237011888","-1.305430237011888","-1.305430237011888","-0.7706448164128996","-0.7706448164128996","-0.7706448164128996","-1.3157155067852508","-1.3157155067852508","-1.3157155067852508","-1.1087395698634133","-1.1087395698634133","-1.1087395698634133","-1.3311218999465289","-1.3311218999465289","-1.3311218999465289","-0.7897102732172074","-0.7897102732172074","-0.7897102732172074","-1.7665229064657282","-1.7665229064657282","-1.7665229064657282","-1.4965257390227236","-1.4965257390227236","-1.4965257390227236","-1.1555940785819554","-1.1555940785819554","-1.1555940785819554"
"47500","-1.2587432075577176","-1.2587432075577176","-1.2587432075577176","-0.9378911097274292","-0.9378911097274292","-0.9378911097274292","-1.111435073197173","-1.111435073197173","-1.111435073197173","-1.0688072381242097","-1.0688072381242097","-1.0688072381242097","-0.7263716019856244","-0.7263716019856244","-0.7263716019856244","-1.2731711815648015","-1.2731711815648015","-1.2731711815648015","-0.9023270421664901","-0.9023270421664901","-0.9023270421664901","-1.267352757931774","-1.267352757931774","-1.267352757931774","-0.9593451444197025","-0.9593451444197025","-0.9593451444197025","-0.9591164772244177","-0.9591164772244177","-0.9591164772244177","-1.2924957867694975","-1.2924957867694975","-1.2924957867694975","-1.2292476061310622","-1.2292476061310622","-1.2292476061310622","-0.6382627872975023","-0.6382627872975023","-0.6382627872975023","-1.1649101331553573","-1.1649101331553573","-1.1649101331553573","-1.1489831945179259","-1.1489831945179259","-1.1489831945179259","-1.4106341068645636","-1.4106341068645636","-1.4106341068645636","-0.6314762839048292","-0.6314762839048292","-0.6314762839048292","-1.6956476723188847","-1.6956476723188847","-1.6956476723188847","-1.6095082126561784","-1.6095082126561784","-1.6095082126561784","-1.0962271082862736","-1.0962271082862736","-1.0962271082862736"
"48000","-1.2050967276852014","-1.2050967276852014","-1.2050967276852014","-0.8903328366938548","-0.8903328366938548","-0.8903328366938548","-1.1818936603150694","-1.1818936603150694","-1.1818936603150694","-1.1077988134683285","-1.1077988134683285","-1.1077988134683285","-0.5120899004300029","-0.5120899004300029","-0.5120899004300029","-0.873884269996682","-0.873884269996682","-0.873884269996682","-0.9509290392205209","-0.9509290392205209","-0.9509290392205209","-0.9219194271335116","-0.9219194271335116","-0.9219194271335116","-0.9870904522517021","-0.9870904522517021","-0.9870904522517021","-0.8689989243679068","-0.8689989243679068","-0.8689989243679068","-0.9914993528147875","-0.9914993528147875","-0.9914993528147875","-1.6572775667544897","-1.6572775667544897","-1.6572775667544897","-0.6744445846392901","-0.6744445846392901","-0.6744445846392901","-1.2187074724759548","-1.2187074724759548","-1.2187074724759548","-1.5467203757158732","-1.5467203757158732","-1.5467203757158732","-1.4672790972026828","-1.4672790972026828","-1.4672790972026828","-0.6172775739684935","-0.6172775739684935","-0.6172775739684935","-1.7906713797867375","-1.7906713797867375","-1.7906713797867375","-1.4336023874135535","-1.4336023874135535","-1.4336023874135535","-1.0241743289382979","-1.0241743289382979","-1.0241743289382979"
"48500","-1.1327282124491664","-1.1327282124491664","-1.1327282124491664","-1.0825029581689307","-1.0825029581689307","-1.0825029581689307","-1.226623649223426","-1.226623649223426","-1.226623649223426","-1.050863424928799","-1.050863424928799","-1.050863424928799","-0.9170830283779623","-0.9170830283779623","-0.9170830283779623","-0.9238382724596178","-0.9238382724596178","-0.9238382724596178","-0.9217813577122032","-0.9217813577122032","-0.9217813577122032","-0.9538672244805786","-0.9538672244805786","-0.9538672244805786","-1.0408209816622287","-1.0408209816622287","-1.0408209816622287","-0.9188833762279878","-0.9188833762279878","-0.9188833762279878","-1.0774556371450132","-1.0774556371450132","-1.0774556371450132","-1.1756538123371587","-1.1756538123371587","-1.1756538123371587","-0.6714483924628736","-0.6714483924628736","-0.6714483924628736","-1.1890954469119595","-1.1890954469119595","-1.1890954469119595","-1.242860250989084","-1.242860250989084","-1.242860250989084","-1.4382722495438898","-1.4382722495438898","-1.4382722495438898","-0.6719230956961653","-0.6719230956961653","-0.6719230956961653","-1.5104250634482534","-1.5104250634482534","-1.5104250634482534","-1.542766477620707","-1.542766477620707","-1.542766477620707","-1.3183822177239128","-1.3183822177239128","-1.3183822177239128"
"49000","-1.1743317709649277","-1.1743317709649277","-1.1743317709649277","-0.9259859823145377","-0.9259859823145377","-0.9259859823145377","-1.2199095476850343","-1.2199095476850343","-1.2199095476850343","-1.0286452001486242","-1.0286452001486242","-1.0286452001486242","-0.8583115630814013","-0.8583115630814013","-0.8583115630814013","-0.9120584811916344","-0.9120584811916344","-0.9120584811916344","-0.9338964289659341","-0.9338964289659341","-0.9338964289659341","-0.9578166949065267","-0.9578166949065267","-0.9578166949065267","-1.1234128238994385","-1.1234128238994385","-1.1234128238994385","-1.0827192688176037","-1.0827192688176037","-1.0827192688176037","-1.2184674494680756","-1.2184674494680756","-1.2184674494680756","-1.3537881804802854","-1.3537881804802854","-1.3537881804802854","-0.7148046126011194","-0.7148046126011194","-0.7148046126011194","-0.9547022826214082","-0.9547022826214082","-0.9547022826214082","-1.0758607185273754","-1.0758607185273754","-1.0758607185273754","-1.3745023608654683","-1.3745023608654683","-1.3745023608654683","-0.6654617754267275","-0.6654617754267275","-0.6654617754267275","-1.412349470384231","-1.412349470384231","-1.412349470384231","-1.4579571142714585","-1.4579571142714585","-1.4579571142714585","-0.9820274699328417","-0.9820274699328417","-0.9820274699328417"
"49500","-1.3904721681943948","-1.3904721681943948","-1.3904721681943948","-0.7716519160546917","-0.7716519160546917","-0.7716519160546917","-1.2817730720410692","-1.2817730720410692","-1.2817730720410692","-0.9796272192976228","-0.9796272192976228","-0.9796272192976228","-0.6979279089672463","-0.6979279089672463","-0.6979279089672463","-1.1147243077720428","-1.1147243077720428","-1.1147243077720428","-0.8361255705400594","-0.8361255705400594","-0.8361255705400594","-1.0486672401778225","-1.0486672401778225","-1.0486672401778225","-0.8187301692594918","-0.8187301692594918","-0.8187301692594918","-1.231867144012952","-1.231867144012952","-1.231867144012952","-1.1374498642167101","-1.1374498642167101","-1.1374498642167101","-1.3558695108196739","-1.3558695108196739","-1.3558695108196739","-0.6739137958342616","-0.6739137958342616","-0.6739137958342616","-1.1061477901441008","-1.1061477901441008","-1.1061477901441008","-1.1155416517768215","-1.1155416517768215","-1.1155416517768215","-1.3873814060602954","-1.3873814060602954","-1.3873814060602954","-0.6830815686469089","-0.6830815686469089","-0.6830815686469089","-1.5494602515463365","-1.5494602515463365","-1.5494602515463365","-1.4044975814293408","-1.4044975814293408","-1.4044975814293408","-1.0165067126693699","-1.0165067126693699","-1.0165067126693699"
"50000","-1.330943883130359","-1.330943883130359","-1.330943883130359","-0.8736073999784256","-0.8736073999784256","-0.8736073999784256","-1.4139477721252853","-1.4139477721252853","-1.4139477721252853","-0.9533429730057114","-0.9533429730057114","-0.9533429730057114","-0.7558783868587752","-0.7558783868587752","-0.7558783868587752","-1.0222790697298254","-1.0222790697298254","-1.0222790697298254","-0.7855934493006294","-0.7855934493006294","-0.7855934493006294","-1.0299663136444266","-1.0299663136444266","-1.0299663136444266","-1.0634134201870982","-1.0634134201870982","-1.0634134201870982","-0.9304918949843735","-0.9304918949843735","-0.9304918949843735","-1.1989377389143452","-1.1989377389143452","-1.1989377389143452","-1.733292555121319","-1.733292555121319","-1.733292555121319","-0.7413323886630814","-0.7413323886630814","-0.7413323886630814","-1.0177966216886585","-1.0177966216886585","-1.0177966216886585","-1.1551550309688199","-1.1551550309688199","-1.1551550309688199","-1.4002818510641992","-1.4002818510641992","-1.4002818510641992","-0.5920405385726133","-0.5920405385726133","-0.5920405385726133","-1.5472486142164021","-1.5472486142164021","-1.5472486142164021","-1.577695473809184","-1.577695473809184","-1.577695473809184","-1.1423331525717433","-1.1423331525717433","-1.1423331525717433"